110   3   3   3   3   3   3   3   3   3   3   3   3   2   3   3   3   3   3   3   3   3   3   3   3   3   3   3   3   3   3   3   3   3   3   3   3   3   3   3   3   2   3   3   3   3   3   3   3   3   3   3   3   3   3   3   3   3   3   3   3   3   3   3   3   3   3   3   3   3   3   3   3   3   3   3   3   3   3   3   3   3   3   3   3   3   2   3   3   3   3   3   3   3   3   3   3   3   3   3   3   3   3   3   3   3   3   3   3   3   3   3   3   3   2   3   3   3   3   3   3   3   3   3   3   3   3 110 
110   3   3   3   3   3   3   3   3   3   3   3   3   2   3   3   3   3   3   3   3   3   3   3   3   3   3   3   3   3   3   3   3   3   3   3   3   3   3   3   3   2   3   3   3   3   3   3   3   3   3   3   3   3   3   3   3   3   3   3   3   3   3   3   3   3   3   3   3   3   3   3   3   3   3   3   3   3   3   3   3   3   3   3   3   3   2   3   3   3   3   3   3   3   3   3   3   3   3   3   3   3   3   3   3   3   3   3   3   3   3   3   3   3   2   3   3   3   3   3   3   3   3   3   3   3   3 110 
110   3   3   3   3   3   3   3   3   3   3   3   3   2   3   3   3   3   3   3   3   3   3   3   3   3   3   3   3   3   3   3   3   3   3   3   2   2   2   2   0   3   3   3   3   3   3   3   3   3   3   3   3   3   3   3   3   3   3   3   3   3   3   3   3   3   3   3   3   3   3   3   3   3   3   3   3   3   3   3   3   3   3   3   3   3   3   0   2   2   2   2   3   3   3   3   3   3   3   3   3   3   3   3   3   3   3   3   3   3   3   3   3   3   2   3   3   3   3   3   3   3   3   3   3   3   3 110 
110   3   3   3   3   3   3   3   3   3   3   3   3   2   3   3   3   3   3   3   3   3   3   3   3   3   3   3   3   3   3   3   2   2   2   0   3   2   2   0   2   3   3   3   3   3   3   3   3   3   3   3   3   3   3   3   3   3   3   3   3   3   3   3   3   3   3   3   3   3   3   3   3   3   3   3   3   3   3   3   3   3   3   3   3   3   3   2   0   2   2   3   0   2   2   2   3   3   3   3   3   3   3   3   3   3   3   3   3   3   3   3   3   3   2   3   3   3   3   3   3   3   3   3   3   3   3 110 
110   3   3   3   3   3   3   3   3   3   3   3   3   2   3   3   3   3   3   3   3   3   3   3   3   3   3   3   2   2   2   0   3   2   0   2   3   2   0   2   2   3   3   3   3   3   3   3   3   3   3   3   3   3   3   3   3   3   3   3   3   3   3   3   3   3   3   3   3   3   3   3   3   3   3   3   3   3   3   3   3   3   3   3   3   3   3   2   2   0   2   3   2   0   2   3   0   2   2   2   3   3   3   3   3   3   3   3   3   3   3   3   3   3   2   3   3   3   3   3   3   3   3   3   3   3   3 110 
110   3   3   3   3   3   3   3   3   3   3   3   3   1   2   2   2   2   2   2   2   2   2   2   2   2   2   0   3   2   0   2   3   0   2   2   3   0   2   2   2   3   3   3   3   3   3   3   3   3   3   3   3   3   3   3   3   3   3   3   3   3   3   3   3   3   3   3   3   3   3   3   3   3   3   3   3   3   3   3   3   3   3   3   3   3   3   2   2   2   0   3   2   2   0   3   2   0   2   3   0   2   2   2   2   2   2   2   2   2   2   2   2   2   1   3   3   3   3   3   3   3   3   3   3   3   3 110 
110   3   3   3   3   3   3   3   3   3   3   3   1   3   3   3   3   3   3   3   3   3   3   3   2   2   0   2   3   0   2   2   2   3   3   3   2   3   3   3   2   3   3   3   3   3   3   3   3   3   3   3   3   3   3   3   3   3   3   3   3   3   3   3   3   3   3   3   3   3   3   3   3   3   3   3   3   3   3   3   3   3   3   3   3   3   3   2   3   3   3   2   3   3   3   2   2   2   0   3   2   0   2   2   3   3   3   3   3   3   3   3   3   3   3   1   3   3   3   3   3   3   3   3   3   3   3 110 
110   3   3   3   3   3   3   3   3   3   3   1   3   3   3   3   3   3   3   3   3   3   2   0   3   0   2   2   2   3   3   3   2   2   2   0   3   2   2   0   3   3   3   3   3   3   3   3   3   3   3   3   3   3   3   3   3   3   3   3   3   3   3   3   3   3   3   3   3   3   3   3   3   3   3   3   3   3   3   3   3   3   3   3   3   3   3   3   0   2   2   3   0   2   2   2   3   3   3   2   2   2   0   3   0   2   3   3   3   3   3   3   3   3   3   3   1   3   3   3   3   3   3   3   3   3   3 110 
110   3   3   3   3   3   3   3   3   3   1   3   3   3   3   3   3   3   3   2   2   0   2   3   3   3   3   3   2   2   2   0   3   2   0   2   3   2   0   2   3   3   3   3   3   3   3   3   3   3   3   3   3   3   3   3   3   3   3   3   3   3   3   3   3   3   3   3   3   3   3   3   3   3   3   3   3   3   3   3   3   3   3   3   3   3   3   3   2   0   2   3   2   0   2   3   0   2   2   2   3   3   3   3   3   2   0   2   2   3   3   3   3   3   3   3   3   1   3   3   3   3   3   3   3   3   3 110 
110   3   3   3   3   3   3   3   3   1   3   3   3   3   3   3   3   2   0   3   0   2   2   2   0   3   2   0   3   2   0   2   3   0   2   2   3   0   2   2   3   3   3   3   3   3   3   3   3   3   3   3   3   3   3   3   3   3   3   3   3   3   3   3   3   3   3   3   3   3   3   3   3   3   3   3   3   3   3   3   3   3   3   3   3   3   3   3   2   2   0   3   2   2   0   3   2   0   2   3   0   2   3   0   2   2   2   0   3   0   2   3   3   3   3   3   3   3   1   3   3   3   3   3   3   3   3 110 
110   3   3   3   3   3   3   3   1   3   3   3   3   3   3   2   0   2   3   3   3   3   2   0   2   3   0   2   3   0   2   2   2   3   3   2   2   3   3   2   3   3   3   3   3   3   3   3   3   3   3   3   3   3   3   3   3   3   3   3   3   3   3   3   3   3   3   3   3   3   3   3   3   3   3   3   3   3   3   3   3   3   3   3   3   3   3   3   2   3   3   2   2   3   3   2   2   2   0   3   2   0   3   2   0   2   3   3   3   3   2   0   2   3   3   3   3   3   3   1   3   3   3   3   3   3   3 110 
110   3   3   3   3   3   3   1   3   3   3   3   3   2   0   2   3   2   2   0   3   0   2   3   3   3   3   3   3   3   3   3   2   2   0   3   2   2   0   3   3   3   3   3   3   3   3   3   3   3   3   3   3   3   3   3   3   3   3   3   3   3   3   3   3   3   3   3   3   3   3   3   3   3   3   3   3   3   3   3   3   3   3   3   3   3   3   3   3   0   2   2   3   0   2   2   3   3   3   3   3   3   3   3   3   2   0   3   0   2   2   3   2   0   2   3   3   3   3   3   1   3   3   3   3   3   3 110 
110   3   3   3   3   3   1   3   3   3   3   2   0   2   3   2   0   3   0   2   2   3   3   2   2   0   3   2   0   3   2   0   3   0   2   3   2   0   2   3   3   3   3   3   3   3   3   3   3   3   3   3   3   3   3   3   3   3   3   3   3   3   3   3   3   3   3   3   3   3   3   3   3   3   3   3   3   3   3   3   3   3   3   3   3   3   3   3   3   2   0   2   3   2   0   3   0   2   3   0   2   3   0   2   2   3   3   2   2   0   3   0   2   3   2   0   2   3   3   3   3   1   3   3   3   3   3 110 
110   3   3   3   3   1   3   3   3   3   1   3   3   3   1   3   3   3   3   3   2   2   0   3   0   2   3   0   2   3   0   2   2   3   3   3   0   2   2   3   3   3   3   3   3   3   3   3   3   3   3   3   3   3   3   3   3   3   3   3   3   3   3   3   3   3   3   3   3   3   3   3   3   3   3   3   3   3   3   3   3   3   3   3   3   3   3   3   3   2   2   0   3   3   3   2   2   0   3   2   0   3   2   0   3   0   2   2   3   3   3   3   3   1   3   3   3   1   3   3   3   3   1   3   3   3   3 110 
110   3   3   3   1   3   3   3   2   0   2   0   3   0   2   0   3   0   3   0   3   0   2   2   3   3   2   3   3   2   3   2   2   2   0   3   3   3   2   3   3   3   3   3   3   3   3   3   3   3   3   3   3   3   3   3   3   3   3   3   3   3   3   3   3   3   3   3   3   3   3   3   3   3   3   3   3   3   3   3   3   3   3   3   3   3   3   3   3   2   3   3   3   0   2   2   2   3   2   3   3   2   3   3   2   2   0   3   0   3   0   3   0   2   0   3   0   2   0   2   3   3   3   1   3   3   3 110 
110   3   3   1   3   3   3   1   3   3   1   3   3   3   1   3   3   3   3   3   3   3   3   2   2   0   3   2   0   3   0   3   2   0   2   3   2   0   3   3   3   3   3   3   3   3   3   3   3   3   3   3   3   3   3   3   3   3   3   3   3   3   3   3   3   3   3   3   3   3   3   3   3   3   3   3   3   3   3   3   3   3   3   3   3   3   3   3   3   3   0   2   3   2   0   2   3   0   3   0   2   3   0   2   2   3   3   3   3   3   3   3   3   1   3   3   3   1   3   3   1   3   3   3   1   3   3 110 
110   3   1   3   3   2   0   2   0   2   3   2   0   2   3   2   0   3   0   3   0   3   0   3   0   2   3   0   2   2   3   3   0   2   2   3   0   2   3   3   3   3   3   3   3   3   3   3   3   3   3   3   3   3   3   3   3   3   3   3   3   3   3   3   3   3   3   3   3   3   3   3   3   3   3   3   3   3   3   3   3   3   3   3   3   3   3   3   3   3   2   0   3   2   2   0   3   3   2   2   0   3   2   0   3   0   3   0   3   0   3   0   2   3   2   0   2   3   2   0   2   0   2   3   3   1   3 110 
110   1   3   3   1   3   3   1   3   3   1   3   3   3   1   3   3   3   3   3   3   3   3   3   3   3   2   3   2   2   0   3   3   3   2   2   3   2   3   3   3   3   3   3   3   3   3   3   3   3   3   3   3   3   3   3   3   3   3   3   3   3   3   3   3   3   3   3   3   3   3   3   3   3   3   3   3   3   3   3   3   3   3   3   3   3   3   3   3   3   2   3   2   2   3   3   3   0   2   2   3   2   3   3   3   3   3   3   3   3   3   3   3   1   3   3   3   1   3   3   1   3   3   1   3   3   1 110 
109   3   2   0   2   0   2   3   2   0   2   0   3   0   2   0   3   0   3   0   3   0   3   0   3   0   3   0   3   0   2   3   2   0   3   2   0   3   3   3   3   3   3   3   3   3   3   3   3   3   3   3   3   3   3   3   3   3   3   3   3   3   3   3   3   3   3   3   3   3   3   3   3   3   3   3   3   3   3   3   3   3   3   3   3   3   3   3   3   3   3   0   2   3   0   2   3   2   0   3   0   3   0   3   0   3   0   3   0   3   0   3   0   2   0   3   0   2   0   2   3   2   0   2   0   2   3 109 
108   3   3   3   1   3   3   1   3   3   1   3   3   3   1   3   3   3   3   3   3   3   3   3   3   3   3   3   3   3   3   3   0   2   3   0   2   3   3   3   3   3   3   3   3   3   3   3   3   3   3   3   3   3   3   3   3   3   3   3   3   3   3   3   3   3   3   3   3   3   3   3   3   3   3   3   3   3   3   3   3   3   3   3   3   3   3   3   3   3   3   2   0   3   2   0   3   3   3   3   3   3   3   3   3   3   3   3   3   3   3   3   3   1   3   3   3   1   3   3   1   3   3   1   3   3   3 108 
107   3   3   3   3   2   0   2   0   2   3   2   0   2   3   2   0   3   0   3   0   3   0   3   0   3   0   3   0   3   0   3   3   2   2   3   2   3   3   3   3   3   3   3   3   3   3   3   3   3   3   3   3   3   3   3   3   3   3   3   3   3   3   3   3   3   3   3   3   3   3   3   3   3   3   3   3   3   3   3   3   3   3   3   3   3   3   3   3   3   3   2   3   2   2   3   3   0   3   0   3   0   3   0   3   0   3   0   3   0   3   0   2   3   2   0   2   3   2   0   2   0   2   3   3   3   3 107 
106   3   3   3   3   3   3   1   3   3   1   3   3   3   1   3   3   3   3   3   3   3   3   2   3   2   3   2   3   2   3   3   0   3   2   0   3   3   3   3   3   3   3   3   3   3   3   3   3   3   3   3   3   3   3   3   3   3   3   3   3   3   3   3   3   3   3   3   3   3   3   3   3   3   3   3   3   3   3   3   3   3   3   3   3   3   3   3   3   3   3   3   0   2   3   0   3   3   2   3   2   3   2   3   2   3   3   3   3   3   3   3   3   1   3   3   3   1   3   3   1   3   3   3   3   3   3 106 
105   3   3   3   3   3   3   3   2   0   2   0   3   0   2   0   3   0   3   0   3   0   2   3   0   3   0   3   0   3   0   3   3   3   0   2   3   3   3   3   3   3   3   3   3   3   3   3   3   3   3   3   3   3   3   3   3   3   3   3   3   3   3   3   3   3   3   3   3   3   3   3   3   3   3   3   3   3   3   3   3   3   3   3   3   3   3   3   3   3   3   3   2   0   3   3   3   0   3   0   3   0   3   0   3   2   0   3   0   3   0   3   0   2   0   3   0   2   0   2   3   3   3   3   3   3   3 105 
104   3   3   3   3   3   3   3   3   3   1   3   3   3   1   3   3   3   3   3   2   2   0   3   3   2   2   2   2   2   2   3   0   3   3   2   3   3   3   3   3   3   3   3   3   3   3   3   3   3   3   3   3   3   3   3   3   3   3   3   3   3   3   2   2   3   3   3   3   3   3   3   3   3   3   3   3   3   3   3   3   3   3   3   3   3   3   3   3   3   3   3   2   3   3   0   3   2   2   2   2   2   2   3   3   0   2   2   3   3   3   3   3   1   3   3   3   1   3   3   3   3   3   3   3   3   3 104 
103   3   3   3   3   3   3   3   3   3   3   2   0   2   3   2   0   3   0   2   2   3   3   3   0   2   3   0   3   0   3   2   2   3   0   3   3   3   3   3   3   3   3   3   3   3   3   3   3   3   3   3   3   3   3   3   3   3   2   2   2   2   0   3   3   0   2   2   2   2   3   3   3   3   3   3   3   3   3   3   3   3   3   3   3   3   3   3   3   3   3   3   3   0   3   2   2   3   0   3   0   3   2   0   3   3   3   2   2   0   3   0   2   3   2   0   2   3   3   3   3   3   3   3   3   3   3 103 
102   3   3   3   3   3   3   3   3   3   3   3   3   2   0   2   3   2   2   0   3   0   2   3   2   0   3   2   2   2   3   0   3   2   2   3   3   3   3   3   3   3   3   3   3   3   3   3   3   3   3   3   3   3   2   2   2   0   3   2   2   0   2   3   3   2   0   2   2   3   0   2   2   2   3   3   3   3   3   3   3   3   3   3   3   3   3   3   3   3   3   3   3   2   2   3   0   3   2   2   2   3   0   2   3   2   0   3   0   2   2   3   2   0   2   3   3   3   3   3   3   3   3   3   3   3   3 102 
101   3   3   3   3   3   3   3   3   3   3   3   3   3   3   2   0   2   3   3   2   2   0   3   2   2   2   3   0   3   2   2   3   0   3   3   3   3   3   3   3   3   3   3   3   3   3   3   3   3   2   2   2   0   3   2   0   2   3   2   0   2   2   3   3   2   2   0   2   3   2   0   2   3   0   2   2   2   3   3   3   3   3   3   3   3   3   3   3   3   3   3   3   3   0   3   2   2   3   0   3   2   2   2   3   0   2   2   3   3   2   0   2   3   3   3   3   3   3   3   3   3   3   3   3   3   3 101 
100   3   3   3   3   3   3   3   3   3   3   3   3   3   3   3   3   2   0   2   2   2   2   1   2   3   0   3   3   3   0   3   2   2   3   3   3   3   3   3   3   3   3   3   3   3   3   2   2   0   3   2   0   2   3   0   2   2   3   0   2   2   2   3   3   2   2   2   0   3   2   2   0   3   2   0   2   3   0   2   2   3   3   3   3   3   3   3   3   3   3   3   3   3   2   2   3   0   3   3   3   0   3   2   1   2   2   2   2   0   2   3   3   3   3   3   3   3   3   3   3   3   3   3   3   3   3 100 
 99   3   3   3   3   3   3   3   3   3   3   3   3   3   3   3   3   3   3   1   2   2   2   3   0   3   3   3   0   3   3   3   0   3   3   3   3   3   3   3   3   3   3   3   2   2   0   3   0   2   3   0   2   2   2   3   3   3   2   3   3   3   2   3   3   2   3   3   3   2   3   3   3   2   2   2   0   3   2   0   3   0   2   2   3   3   3   3   3   3   3   3   3   3   3   0   3   3   3   0   3   3   3   0   3   2   2   2   1   3   3   3   3   3   3   3   3   3   3   3   3   3   3   3   3   3   3  99 
 98   3   3   3   3   3   3   3   3   3   3   3   3   3   3   3   3   3   3   1   2   2   2   3   2   3   0   3   2   3   0   3   2   3   3   3   3   3   3   3   3   2   2   0   3   0   2   2   3   3   3   3   3   3   2   2   2   0   3   2   2   0   3   3   3   3   0   2   2   3   0   2   2   2   3   3   3   3   3   3   2   2   0   3   0   2   2   3   3   3   3   3   3   3   3   2   3   0   3   2   3   0   3   2   3   2   2   2   1   3   3   3   3   3   3   3   3   3   3   3   3   3   3   3   3   3   3  98 
 97   3   3   3   3   3   3   3   3   3   3   3   3   3   3   3   3   2   0   2   2   2   2   3   3   1   2   1   3   1   2   1   3   3   3   3   3   3   3   2   0   3   0   2   2   3   3   2   2   2   0   3   2   0   3   2   0   2   3   2   0   2   3   3   3   3   2   0   2   3   2   0   2   3   0   2   3   0   2   2   2   3   3   2   2   0   3   0   2   3   3   3   3   3   3   3   1   2   1   3   1   2   1   3   3   2   2   2   2   0   2   3   3   3   3   3   3   3   3   3   3   3   3   3   3   3   3  97 
 96   3   3   3   3   3   3   3   3   3   3   3   3   3   2   2   0   2   3   3   3   3   2   3   3   3   0   3   2   3   0   3   3   3   3   3   3   2   0   2   3   3   3   3   2   2   0   3   2   0   2   3   0   2   3   0   2   2   3   0   2   2   3   3   3   3   2   2   0   3   2   2   0   3   2   0   3   2   0   2   3   0   2   2   3   3   3   3   2   0   2   3   3   3   3   3   3   0   3   2   3   0   3   3   3   2   3   3   3   3   2   0   2   2   3   3   3   3   3   3   3   3   3   3   3   3   3  96 
 95   3   3   3   3   3   3   3   3   3   3   2   2   0   3   0   2   2   2   2   2   0   3   3   3   3   2   3   0   3   2   3   3   3   3   2   0   2   3   3   2   0   3   0   3   0   2   3   0   2   2   2   3   2   2   3   3   2   2   3   3   2   3   3   3   3   2   3   3   2   2   3   3   2   2   3   2   2   2   0   3   2   0   3   0   3   0   2   3   3   2   0   2   3   3   3   3   2   3   0   3   2   3   3   3   3   0   2   2   2   2   2   0   3   0   2   2   3   3   3   3   3   3   3   3   3   3  95 
 94   3   3   3   3   3   3   3   3   2   0   3   0   2   2   3   3   2   2   2   0   2   3   3   3   3   3   1   2   1   3   3   3   3   1   3   3   3   2   0   2   3   3   3   3   3   3   3   3   3   2   2   0   3   2   2   0   3   2   2   0   3   3   3   3   3   3   0   2   2   3   0   2   2   3   0   2   2   3   3   3   3   3   3   3   3   3   2   0   2   3   3   3   1   3   3   3   3   1   2   1   3   3   3   3   3   2   0   2   2   2   3   3   2   2   0   3   0   2   3   3   3   3   3   3   3   3  94 
 93   3   3   3   3   3   3   2   0   2   3   3   3   3   2   2   0   3   2   0   2   2   3   3   3   3   3   3   0   3   3   3   2   0   2   0   3   0   2   3   3   2   0   3   0   3   2   0   3   0   3   0   2   3   2   0   2   3   2   0   2   3   3   3   3   3   3   2   0   2   3   2   0   2   3   2   0   3   0   3   0   2   3   0   3   0   2   3   3   2   0   3   0   2   0   2   3   3   3   0   3   3   3   3   3   3   2   2   0   2   3   0   2   2   3   3   3   3   2   0   2   3   3   3   3   3   3  93 
 92   3   3   3   3   3   1   3   3   3   2   0   3   0   3   0   2   3   0   2   2   2   3   3   3   3   3   3   2   3   3   1   3   3   1   3   3   3   3   2   0   2   3   2   3   3   0   2   2   3   2   3   3   3   0   2   2   3   0   2   2   3   3   3   3   3   3   2   2   0   3   2   2   0   3   3   3   2   3   2   2   0   3   3   2   3   2   0   2   3   3   3   3   1   3   3   1   3   3   2   3   3   3   3   3   3   2   2   2   0   3   2   0   3   0   3   0   2   3   3   3   1   3   3   3   3   3  92 
 91   3   3   3   2   0   2   0   3   0   2   3   3   3   3   3   3   3   3   3   3   2   3   3   3   3   3   3   3   2   0   2   0   2   3   2   0   3   0   2   3   2   0   3   0   3   3   2   2   0   3   2   0   3   3   3   2   2   3   3   2   3   3   3   3   3   3   2   3   3   2   2   3   3   3   0   2   3   0   2   2   3   3   0   3   0   2   3   2   0   3   0   2   3   2   0   2   0   2   3   3   3   3   3   3   3   2   3   3   3   3   3   3   3   3   3   3   2   0   3   0   2   0   2   3   3   3  91 
 90   3   3   1   3   3   1   3   3   3   3   2   0   3   0   3   2   0   3   2   0   3   3   3   3   3   3   3   3   3   3   1   3   3   1   3   3   3   3   2   0   2   3   2   3   3   0   3   0   2   3   0   2   3   2   0   3   2   2   0   3   3   3   3   3   3   3   3   0   2   2   3   0   2   3   2   0   3   2   0   3   0   3   3   2   3   2   0   2   3   3   3   3   1   3   3   1   3   3   3   3   3   3   3   3   3   3   0   2   3   0   2   3   0   3   0   2   3   3   3   3   1   3   3   1   3   3  90 
 89   2   0   2   0   2   3   2   0   3   0   2   3   2   3   3   0   2   3   0   2   3   3   3   3   3   3   3   3   3   3   3   2   0   2   0   3   0   2   3   3   2   0   3   0   3   3   2   3   3   2   3   3   3   0   2   3   2   0   2   3   3   3   3   3   3   3   3   2   0   2   3   2   0   3   3   3   2   3   3   2   3   3   0   3   0   2   3   3   2   0   3   0   2   0   2   3   3   3   3   3   3   3   3   3   3   3   2   0   3   2   0   3   3   2   3   2   0   3   0   2   3   2   0   2   0   2  89 
 87   3   3   1   3   3   1   3   3   3   3   2   0   3   0   3   3   2   2   3   2   3   3   3   3   3   3   3   3   3   3   3   3   3   1   3   3   3   2   0   2   2   3   2   3   3   0   3   2   0   3   2   0   3   3   3   3   0   2   2   3   3   3   3   3   3   3   3   2   2   0   3   3   3   3   0   2   3   0   2   3   0   3   3   2   3   2   2   0   2   3   3   3   1   3   3   3   3   3   3   3   3   3   3   3   3   3   2   3   2   2   3   3   0   3   0   2   3   3   3   3   1   3   3   1   3   3  87 
 85   3   3   3   2   0   2   0   3   0   2   3   3   2   3   3   0   3   2   0   3   3   3   3   3   3   3   3   3   3   3   3   3   3   3   2   0   2   2   2   0   3   0   3   0   3   3   3   0   2   3   0   2   3   2   0   3   3   2   2   3   3   3   3   3   3   3   3   2   2   3   3   0   2   3   2   0   3   2   0   3   3   3   0   3   0   3   0   2   2   2   0   2   3   3   3   3   3   3   3   3   3   3   3   3   3   3   3   0   2   3   0   3   3   2   3   3   2   0   3   0   2   0   2   3   3   3  85 
 83   3   3   3   3   3   1   3   3   3   2   0   2   3   0   3   3   3   0   2   3   3   3   3   3   3   3   3   3   3   3   3   3   3   3   3   3   1   3   3   3   3   3   2   3   3   0   3   3   2   2   3   2   3   0   2   3   0   3   2   3   3   3   3   3   3   3   3   2   3   0   3   2   0   3   2   3   2   2   3   3   0   3   3   2   3   3   3   3   3   1   3   3   3   3   3   3   3   3   3   3   3   3   3   3   3   3   3   2   0   3   3   3   0   3   2   0   2   3   3   3   1   3   3   3   3   3  83 
 81   3   3   3   3   3   3   2   0   2   2   2   0   3   3   3   0   3   3   2   3   3   3   3   3   3   3   3   3   3   3   3   3   2   2   2   2   2   0   2   3   0   2   3   0   3   3   3   0   3   2   0   3   2   2   2   2   2   3   2   3   3   3   3   3   3   3   3   2   3   2   2   2   2   2   3   0   2   3   0   3   3   3   0   3   2   0   3   2   0   2   2   2   2   2   3   3   3   3   3   3   3   3   3   3   3   3   3   2   3   3   0   3   3   3   0   2   2   2   0   2   3   3   3   3   3   3  81 
 79   3   3   3   3   3   3   3   3   1   3   3   3   3   0   3   3   3   0   3   3   3   3   3   3   3   3   3   2   2   2   2   0   3   2   2   2   2   2   0   3   2   0   3   3   3   0   3   3   3   0   2   3   0   3   2   0   3   3   2   3   3   3   3   3   3   3   3   2   3   3   0   2   3   0   3   2   0   3   3   3   0   3   3   3   0   2   3   0   2   2   2   2   2   3   0   2   2   2   2   3   3   3   3   3   3   3   3   3   0   3   3   3   0   3   3   3   3   1   3   3   3   3   3   3   3   3  79 
 77   3   3   3   3   3   3   3   3   3   1   2   2   3   2   3   0   3   2   3   3   3   3   3   3   2   2   0   3   2   2   0   2   3   2   2   2   2   2   3   2   2   3   3   0   3   3   3   0   3   3   2   2   3   3   0   2   3   3   2   3   3   3   3   3   3   3   3   2   3   3   2   0   3   3   2   2   3   3   0   3   3   3   0   3   3   2   2   3   2   2   2   2   2   3   2   0   2   2   3   0   2   2   3   3   3   3   3   3   2   3   0   3   2   3   2   2   1   3   3   3   3   3   3   3   3   3  77 
 75   3   3   3   3   3   3   3   3   3   1   2   2   3   3   1   2   1   3   3   3   3   2   2   0   3   0   2   3   2   0   2   2   3   2   1   1   2   3   0   2   3   0   3   3   3   0   3   3   3   0   3   2   0   3   3   2   3   3   2   3   3   3   3   3   3   3   3   2   3   3   2   3   3   0   2   3   0   3   3   3   0   3   3   3   0   3   2   0   3   2   1   1   2   3   2   2   0   2   3   2   0   3   0   2   2   3   3   3   3   1   2   1   3   3   2   2   1   3   3   3   3   3   3   3   3   3  75 
 73   3   3   3   3   3   3   3   2   0   2   2   2   3   3   3   0   3   3   3   2   0   3   0   2   2   3   3   3   0   2   2   2   3   0   3   3   0   3   2   0   3   3   3   0   3   3   3   0   3   3   3   0   2   3   0   3   3   3   2   3   3   3   3   3   3   3   3   2   3   3   3   0   3   2   0   3   3   3   0   3   3   3   0   3   3   3   0   2   3   0   3   3   0   3   2   2   2   0   3   3   3   2   2   0   3   0   2   3   3   3   0   3   3   3   2   2   2   0   2   3   3   3   3   3   3   3  73 
 71   3   3   3   3   3   2   0   2   3   3   3   2   3   3   3   2   3   3   1   3   3   3   3   3   2   2   0   3   3   3   2   2   2   2   3   3   2   2   2   3   3   0   3   3   3   0   3   3   3   0   3   3   2   2   2   3   3   3   2   3   3   3   3   3   3   3   3   2   3   3   3   2   2   2   3   3   0   3   3   3   0   3   3   3   0   3   3   2   2   2   3   3   2   2   2   2   3   3   3   0   2   2   3   3   3   3   3   1   3   3   2   3   3   3   2   3   3   3   2   0   2   3   3   3   3   3  71 
 69   3   3   3   2   0   2   3   2   2   2   0   3   3   3   3   3   2   0   2   0   3   0   3   0   3   0   2   3   2   0   3   2   0   3   3   3   3   0   3   0   3   3   3   0   3   3   3   0   3   3   3   0   3   0   3   3   3   3   2   3   3   3   3   3   3   3   3   2   3   3   3   3   0   3   0   3   3   3   0   3   3   3   0   3   3   3   0   3   0   3   3   3   3   0   2   3   0   2   3   2   0   3   0   3   0   3   0   2   0   2   3   3   3   3   3   0   2   2   2   3   2   0   2   3   3   3  69 
 67   3   2   0   2   3   2   0   3   2   0   2   3   3   3   3   3   3   3   1   3   3   3   3   3   3   3   3   3   0   2   3   0   2   3   3   3   3   2   2   2   3   0   3   2   3   0   3   2   3   0   3   2   2   2   3   3   3   3   2   3   3   3   3   3   3   3   3   2   3   3   3   3   2   2   2   3   0   3   2   3   0   3   2   3   0   3   2   2   2   3   3   3   3   2   0   3   2   0   3   3   3   3   3   3   3   3   3   1   3   3   3   3   3   3   3   2   0   2   3   0   2   3   2   0   2   3  67 
 65   1   3   3   2   0   2   3   3   0   2   2   3   3   3   3   3   3   3   3   2   0   3   0   3   0   3   0   3   3   2   2   3   2   3   3   3   3   3   0   3   1   2   1   3   1   2   1   3   1   2   1   3   0   3   3   3   3   3   2   3   3   3   3   3   3   3   3   2   3   3   3   3   3   0   3   1   2   1   3   1   2   1   3   1   2   1   3   0   3   3   3   3   3   2   3   2   2   3   3   0   3   0   3   0   3   0   2   3   3   3   3   3   3   3   3   2   2   0   3   3   2   0   2   3   3   1  65 
 62   3   1   3   3   3   2   0   3   3   2   2   3   3   3   3   3   3   3   3   3   3   3   3   2   3   2   3   3   0   3   2   0   3   3   3   3   3   3   2   2   3   0   3   2   3   0   3   2   3   0   3   2   2   3   3   3   3   3   1   2   2   2   2   2   2   2   2   1   3   3   3   3   3   2   2   3   0   3   2   3   0   3   2   3   0   3   2   2   3   3   3   3   3   3   0   2   3   0   3   3   2   3   2   3   3   3   3   3   3   3   3   3   3   3   3   2   2   3   3   0   2   3   3   3   1   3  62 
 59   3   3   1   3   3   3   3   3   0   3   2   3   3   3   3   3   2   2   2   2   3   0   2   3   0   3   0   3   3   3   0   2   3   3   3   3   3   3   3   0   3   3   3   0   3   3   3   0   3   3   3   0   3   3   3   3   3   1   3   3   3   3   3   3   3   3   3   3   1   3   3   3   3   3   0   3   3   3   0   3   3   3   0   3   3   3   0   3   3   3   3   3   3   3   2   0   3   3   3   0   3   0   3   2   0   3   2   2   2   2   3   3   3   3   3   2   3   0   3   3   3   3   3   1   3   3  59 
 56   3   3   3   1   2   2   2   3   2   3   1   2   2   2   2   0   3   2   2   2   3   2   0   3   2   2   2   3   0   3   3   2   3   3   3   3   3   3   3   2   3   0   3   2   3   0   3   2   3   0   3   2   3   3   3   3   1   3   3   3   3   3   3   3   3   3   3   3   3   1   3   3   3   3   2   3   0   3   2   3   0   3   2   3   0   3   2   3   3   3   3   3   3   3   2   3   3   0   3   2   2   2   3   0   2   3   2   2   2   3   0   2   2   2   2   1   3   2   3   2   2   2   1   3   3   3  56 
 53   3   3   3   1   2   2   2   3   3   1   3   3   2   2   0   2   3   2   1   1   3   2   2   2   3   0   3   2   2   3   0   3   3   3   3   3   3   3   3   3   1   2   1   3   1   2   1   3   1   2   1   3   3   3   3   1   3   3   3   3   3   3   3   3   3   3   3   3   3   3   1   3   3   3   3   1   2   1   3   1   2   1   3   1   2   1   3   3   3   3   3   3   3   3   3   0   3   2   2   3   0   3   2   2   2   3   1   1   2   3   2   0   2   2   3   3   1   3   3   2   2   2   1   3   3   3  53 
 50   3   3   1   3   2   2   2   3   3   3   2   0   3   0   2   2   3   0   3   3   1   2   3   0   3   3   3   0   3   2   2   3   3   3   3   3   3   3   3   3   3   0   3   2   3   0   3   2   3   0   3   3   3   3   1   3   3   3   3   3   3   3   3   3   3   3   3   3   3   3   3   1   3   3   3   3   0   3   2   3   0   3   2   3   0   3   3   3   3   3   3   3   3   3   3   2   2   3   0   3   3   3   0   3   2   1   3   3   0   3   2   2   0   3   0   2   3   3   3   2   2   2   3   1   3   3  50 
 47   2   0   2   0   3   2   2   3   3   3   3   3   3   3   3   2   2   2   3   3   3   0   3   3   3   0   3   3   3   0   3   3   3   3   3   3   3   3   3   3   3   2   3   0   3   2   3   0   3   2   3   3   3   1   3   3   3   3   3   3   3   3   3   3   3   3   3   3   3   3   3   3   1   3   3   3   2   3   0   3   2   3   0   3   2   3   3   3   3   3   3   3   3   3   3   3   0   3   3   3   0   3   3   3   0   3   3   3   2   2   2   3   3   3   3   3   3   3   3   2   2   3   0   2   0   2  47 
 43   3   3   1   2   3   1   1   2   2   2   2   3   0   3   0   3   0   3   3   3   3   2   3   0   3   2   3   0   3   2   3   3   3   3   3   3   3   3   3   3   3   3   1   2   1   3   1   2   1   3   3   3   1   3   3   3   3   3   3   3   3   3   3   3   3   3   3   3   3   3   3   3   3   1   3   3   3   1   2   1   3   1   2   1   3   3   3   3   3   3   3   3   3   3   3   3   2   3   0   3   2   3   0   3   2   3   3   3   3   0   3   0   3   0   3   2   2   2   2   1   1   3   2   1   3   3  43 
 39   3   3   1   3   1   3   1   2   2   2   2   3   2   2   2   2   2   3   3   3   3   3   1   2   1   3   1   2   1   3   3   3   3   3   3   3   3   3   3   3   3   3   3   0   3   2   3   0   3   3   3   1   3   3   3   3   3   3   3   3   3   3   3   3   3   3   3   3   3   3   3   3   3   3   1   3   3   3   0   3   2   3   0   3   3   3   3   3   3   3   3   3   3   3   3   3   3   1   2   1   3   1   2   1   3   3   3   3   3   2   2   2   2   2   3   2   2   2   2   1   3   1   3   1   3   3  39 
 35   2   0   2   3   3   1   3   3   2   2   2   3   3   0   3   0   3   3   3   3   3   3   3   0   3   2   3   0   3   3   3   3   3   3   3   3   3   3   3   3   3   3   3   2   3   0   3   2   3   3   1   3   3   3   3   3   3   3   3   3   3   3   3   3   3   3   3   3   3   3   3   3   3   3   3   1   3   3   2   3   0   3   2   3   3   3   3   3   3   3   3   3   3   3   3   3   3   3   0   3   2   3   0   3   3   3   3   3   3   3   0   3   0   3   3   2   2   2   3   3   1   3   3   2   0   2  35 
 30   3   3   2   3   3   3   2   0   3   1   1   3   3   2   2   2   3   3   3   3   3   3   3   2   3   0   3   2   3   3   3   3   3   3   3   3   3   3   3   3   3   3   3   3   1   2   1   3   3   1   3   3   3   3   3   3   3   3   3   3   3   3   3   3   3   3   3   3   3   3   3   3   3   3   3   3   1   3   3   1   2   1   3   3   3   3   3   3   3   3   3   3   3   3   3   3   3   3   2   3   0   3   2   3   3   3   3   3   3   3   2   2   2   3   3   1   1   3   0   2   3   3   3   2   3   3  30 
 25   3   2   3   2   2   1   1   2   1   3   3   1   3   3   0   3   3   3   3   3   3   3   3   3   1   2   1   3   3   3   3   3   3   3   3   3   3   3   3   3   3   3   3   3   3   0   3   3   1   3   3   3   3   3   3   3   3   3   3   3   3   3   3   3   3   3   3   3   3   3   3   3   3   3   3   3   3   1   3   3   0   3   3   3   3   3   3   3   3   3   3   3   3   3   3   3   3   3   3   1   2   1   3   3   3   3   3   3   3   3   3   0   3   3   1   3   3   1   2   1   1   2   2   3   2   3  25 
 20   0   3   2   3   0   3   3   0   3   3   3   3   1   3   2   3   3   3   3   3   3   3   3   3   3   0   3   3   3   3   3   3   3   3   3   3   3   3   3   3   3   3   3   3   3   2   3   1   3   3   3   3   3   3   3   3   3   3   3   3   3   3   3   3   3   3   3   3   3   3   3   3   3   3   3   3   3   3   1   3   2   3   3   3   3   3   3   3   3   3   3   3   3   3   3   3   3   3   3   3   0   3   3   3   3   3   3   3   3   3   3   2   3   1   3   3   3   3   0   3   3   0   3   2   3   0  20 
 13   3   0   3   3   2   3   3   2   3   3   3   3   3   1   3   3   3   3   3   3   3   3   3   3   3   2   3   3   3   3   3   3   3   3   3   3   3   3   3   3   3   3   3   3   3   3   1   3   3   3   3   3   3   3   3   3   3   3   3   3   3   3   3   3   3   3   3   3   3   3   3   3   3   3   3   3   3   3   3   1   3   3   3   3   3   3   3   3   3   3   3   3   3   3   3   3   3   3   3   3   2   3   3   3   3   3   3   3   3   3   3   3   1   3   3   3   3   3   2   3   3   2   3   3   0   3  13 
  5  13  20  25  30  35  39  43  47  50  53  56  59  62  65  67  69  71  73  75  77  79  81  83  85  87  89  90  91  92  93  94  95  96  97  98  99 100 101 102 103 104 105 106 107 108 109 110 110 110 110 110 110 110 110 110 110 110 110 110 110 110 110 110 110 110 110 110 110 110 110 110 110 110 110 110 110 110 110 110 110 109 108 107 106 105 104 103 102 101 100  99  98  97  96  95  94  93  92  91  90  89  87  85  83  81  79  77  75  73  71  69  67  65  62  59  56  53  50  47  43  39  35  30  25  20  13   5 

  5  13  20  25  30  35  39  43  47  50  53  56  59  62  65  67  69  71  73  75  77  79  81  83  85  87  89  90  91  92  93  94  95  96  97  98  99 100 101 102 103 104 105 106 107 108 109 110 110 110 110 110 110 110 110 110 110 110 110 110 110 110 110 110 110 110 110 110 110 110 110 110 110 110 110 110 110 110 110 110 110 109 108 107 106 105 104 103 102 101 100  99  98  97  96  95  94  93  92  91  90  89  87  85  83  81  79  77  75  73  71  69  67  65  62  59  56  53  50  47  43  39  35  30  25  20  13   5 
 13   3   0   3   3   2   3   3   2   3   3   3   3   3   1   3   3   3   3   3   3   3   3   3   3   3   2   3   3   3   3   3   3   3   3   3   3   3   3   3   3   3   3   3   3   3   3   1   3   3   3   3   3   3   3   3   3   3   3   3   3   3   3   3   3   3   3   3   3   3   3   3   3   3   3   3   3   3   3   3   1   3   3   3   3   3   3   3   3   3   3   3   3   3   3   3   3   3   3   3   3   2   3   3   3   3   3   3   3   3   3   3   3   1   3   3   3   3   3   2   3   3   2   3   3   0   3  13 
 20   0   3   2   3   0   3   3   0   3   3   3   3   1   3   2   3   3   3   3   3   3   3   3   3   3   0   3   3   3   3   3   3   3   3   3   3   3   3   3   3   3   3   3   3   3   2   3   1   3   3   3   3   3   3   3   3   3   3   3   3   3   3   3   3   3   3   3   3   3   3   3   3   3   3   3   3   3   3   1   3   2   3   3   3   3   3   3   3   3   3   3   3   3   3   3   3   3   3   3   3   0   3   3   3   3   3   3   3   3   3   3   2   3   1   3   3   3   3   0   3   3   0   3   2   3   0  20 
 25   3   2   3   2   2   1   1   2   1   3   3   1   3   3   0   3   3   3   3   3   3   3   3   3   1   2   1   3   3   3   3   3   3   3   3   3   3   3   3   3   3   3   3   3   3   0   3   3   1   3   3   3   3   3   3   3   3   3   3   3   3   3   3   3   3   3   3   3   3   3   3   3   3   3   3   3   3   1   3   3   0   3   3   3   3   3   3   3   3   3   3   3   3   3   3   3   3   3   3   1   2   1   3   3   3   3   3   3   3   3   3   0   3   3   1   3   3   1   2   1   1   2   2   3   2   3  25 
 30   3   3   2   3   3   3   2   0   3   1   1   3   3   2   2   2   3   3   3   3   3   3   3   2   3   0   3   2   3   3   3   3   3   3   3   3   3   3   3   3   3   3   3   3   1   2   1   3   3   1   3   3   3   3   3   3   3   3   3   3   3   3   3   3   3   3   3   3   3   3   3   3   3   3   3   3   1   3   3   1   2   1   3   3   3   3   3   3   3   3   3   3   3   3   3   3   3   3   2   3   0   3   2   3   3   3   3   3   3   3   2   2   2   3   3   1   1   3   0   2   3   3   3   2   3   3  30 
 35   2   0   2   3   3   1   3   3   2   2   2   3   3   0   3   0   3   3   3   3   3   3   3   0   3   2   3   0   3   3   3   3   3   3   3   3   3   3   3   3   3   3   3   2   3   0   3   2   3   3   1   3   3   3   3   3   3   3   3   3   3   3   3   3   3   3   3   3   3   3   3   3   3   3   3   1   3   3   2   3   0   3   2   3   3   3   3   3   3   3   3   3   3   3   3   3   3   3   0   3   2   3   0   3   3   3   3   3   3   3   0   3   0   3   3   2   2   2   3   3   1   3   3   2   0   2  35 
 39   3   3   1   3   1   3   1   2   2   2   2   3   2   2   2   2   2   3   3   3   3   3   1   2   1   3   1   2   1   3   3   3   3   3   3   3   3   3   3   3   3   3   3   0   3   2   3   0   3   3   3   1   3   3   3   3   3   3   3   3   3   3   3   3   3   3   3   3   3   3   3   3   3   3   1   3   3   3   0   3   2   3   0   3   3   3   3   3   3   3   3   3   3   3   3   3   3   1   2   1   3   1   2   1   3   3   3   3   3   2   2   2   2   2   3   2   2   2   2   1   3   1   3   1   3   3  39 
 43   3   3   1   2   3   1   1   2   2   2   2   3   0   3   0   3   0   3   3   3   3   2   3   0   3   2   3   0   3   2   3   3   3   3   3   3   3   3   3   3   3   3   1   2   1   3   1   2   1   3   3   3   1   3   3   3   3   3   3   3   3   3   3   3   3   3   3   3   3   3   3   3   3   1   3   3   3   1   2   1   3   1   2   1   3   3   3   3   3   3   3   3   3   3   3   3   2   3   0   3   2   3   0   3   2   3   3   3   3   0   3   0   3   0   3   2   2   2   2   1   1   3   2   1   3   3  43 
 47   2   0   2   0   3   2   2   3   3   3   3   3   3   3   3   2   2   2   3   3   3   0   3   3   3   0   3   3   3   0   3   3   3   3   3   3   3   3   3   3   3   2   3   0   3   2   3   0   3   2   3   3   3   1   3   3   3   3   3   3   3   3   3   3   3   3   3   3   3   3   3   3   1   3   3   3   2   3   0   3   2   3   0   3   2   3   3   3   3   3   3   3   3   3   3   3   0   3   3   3   0   3   3   3   0   3   3   3   2   2   2   3   3   3   3   3   3   3   3   2   2   3   0   2   0   2  47 
 50   3   3   1   3   2   2   2   3   3   3   2   0   3   0   2   2   3   0   3   3   1   2   3   0   3   3   3   0   3   2   2   3   3   3   3   3   3   3   3   3   3   0   3   2   3   0   3   2   3   0   3   3   3   3   1   3   3   3   3   3   3   3   3   3   3   3   3   3   3   3   3   1   3   3   3   3   0   3   2   3   0   3   2   3   0   3   3   3   3   3   3   3   3   3   3   2   2   3   0   3   3   3   0   3   2   1   3   3   0   3   2   2   0   3   0   2   3   3   3   2   2   2   3   1   3   3  50 
 53   3   3   3   1   2   2   2   3   3   1   3   3   2   2   0   2   3   2   1   1   3   2   2   2   3   0   3   2   2   3   0   3   3   3   3   3   3   3   3   3   1   2   1   3   1   2   1   3   1   2   1   3   3   3   3   1   3   3   3   3   3   3   3   3   3   3   3   3   3   3   1   3   3   3   3   1   2   1   3   1   2   1   3   1   2   1   3   3   3   3   3   3   3   3   3   0   3   2   2   3   0   3   2   2   2   3   1   1   2   3   2   0   2   2   3   3   1   3   3   2   2   2   1   3   3   3  53 
 56   3   3   3   1   2   2   2   3   2   3   1   2   2   2   2   0   3   2   2   2   3   2   0   3   2   2   2   3   0   3   3   2   3   3   3   3   3   3   3   2   3   0   3   2   3   0   3   2   3   0   3   2   3   3   3   3   1   3   3   3   3   3   3   3   3   3   3   3   3   1   3   3   3   3   2   3   0   3   2   3   0   3   2   3   0   3   2   3   3   3   3   3   3   3   2   3   3   0   3   2   2   2   3   0   2   3   2   2   2   3   0   2   2   2   2   1   3   2   3   2   2   2   1   3   3   3  56 
 59   3   3   1   3   3   3   3   3   0   3   2   3   3   3   3   3   2   2   2   2   3   0   2   3   0   3   0   3   3   3   0   2   3   3   3   3   3   3   3   0   3   3   3   0   3   3   3   0   3   3   3   0   3   3   3   3   3   1   3   3   3   3   3   3   3   3   3   3   1   3   3   3   3   3   0   3   3   3   0   3   3   3   0   3   3   3   0   3   3   3   3   3   3   3   2   0   3   3   3   0   3   0   3   2   0   3   2   2   2   2   3   3   3   3   3   2   3   0   3   3   3   3   3   1   3   3  59 
 62   3   1   3   3   3   2   0   3   3   2   2   3   3   3   3   3   3   3   3   3   3   3   3   2   3   2   3   3   0   3   2   0   3   3   3   3   3   3   2   2   3   0   3   2   3   0   3   2   3   0   3   2   2   3   3   3   3   3   1   2   2   2   2   2   2   2   2   1   3   3   3   3   3   2   2   3   0   3   2   3   0   3   2   3   0   3   2   2   3   3   3   3   3   3   0   2   3   0   3   3   2   3   2   3   3   3   3   3   3   3   3   3   3   3   3   2   2   3   3   0   2   3   3   3   1   3  62 
 65   1   3   3   2   0   2   3   3   0   2   2   3   3   3   3   3   3   3   3   2   0   3   0   3   0   3   0   3   3   2   2   3   2   3   3   3   3   3   0   3   1   2   1   3   1   2   1   3   1   2   1   3   0   3   3   3   3   3   2   3   3   3   3   3   3   3   3   2   3   3   3   3   3   0   3   1   2   1   3   1   2   1   3   1   2   1   3   0   3   3   3   3   3   2   3   2   2   3   3   0   3   0   3   0   3   0   2   3   3   3   3   3   3   3   3   2   2   0   3   3   2   0   2   3   3   1  65 
 67   3   2   0   2   3   2   0   3   2   0   2   3   3   3   3   3   3   3   1   3   3   3   3   3   3   3   3   3   0   2   3   0   2   3   3   3   3   2   2   2   3   0   3   2   3   0   3   2   3   0   3   2   2   2   3   3   3   3   2   3   3   3   3   3   3   3   3   2   3   3   3   3   2   2   2   3   0   3   2   3   0   3   2   3   0   3   2   2   2   3   3   3   3   2   0   3   2   0   3   3   3   3   3   3   3   3   3   1   3   3   3   3   3   3   3   2   0   2   3   0   2   3   2   0   2   3  67 
 69   3   3   3   2   0   2   3   2   2   2   0   3   3   3   3   3   2   0   2   0   3   0   3   0   3   0   2   3   2   0   3   2   0   3   3   3   3   0   3   0   3   3   3   0   3   3   3   0   3   3   3   0   3   0   3   3   3   3   2   3   3   3   3   3   3   3   3   2   3   3   3   3   0   3   0   3   3   3   0   3   3   3   0   3   3   3   0   3   0   3   3   3   3   0   2   3   0   2   3   2   0   3   0   3   0   3   0   2   0   2   3   3   3   3   3   0   2   2   2   3   2   0   2   3   3   3  69 
 71   3   3   3   3   3   2   0   2   3   3   3   2   3   3   3   2   3   3   1   3   3   3   3   3   2   2   0   3   3   3   2   2   2   2   3   3   2   2   2   3   3   0   3   3   3   0   3   3   3   0   3   3   2   2   2   3   3   3   2   3   3   3   3   3   3   3   3   2   3   3   3   2   2   2   3   3   0   3   3   3   0   3   3   3   0   3   3   2   2   2   3   3   2   2   2   2   3   3   3   0   2   2   3   3   3   3   3   1   3   3   2   3   3   3   2   3   3   3   2   0   2   3   3   3   3   3  71 
 73   3   3   3   3   3   3   3   2   0   2   2   2   3   3   3   0   3   3   3   2   0   3   0   2   2   3   3   3   0   2   2   2   3   0   3   3   0   3   2   0   3   3   3   0   3   3   3   0   3   3   3   0   2   3   0   3   3   3   2   3   3   3   3   3   3   3   3   2   3   3   3   0   3   2   0   3   3   3   0   3   3   3   0   3   3   3   0   2   3   0   3   3   0   3   2   2   2   0   3   3   3   2   2   0   3   0   2   3   3   3   0   3   3   3   2   2   2   0   2   3   3   3   3   3   3   3  73 
 75   3   3   3   3   3   3   3   3   3   1   2   2   3   3   1   2   1   3   3   3   3   2   2   0   3   0   2   3   2   0   2   2   3   2   1   1   2   3   0   2   3   0   3   3   3   0   3   3   3   0   3   2   0   3   3   2   3   3   2   3   3   3   3   3   3   3   3   2   3   3   2   3   3   0   2   3   0   3   3   3   0   3   3   3   0   3   2   0   3   2   1   1   2   3   2   2   0   2   3   2   0   3   0   2   2   3   3   3   3   1   2   1   3   3   2   2   1   3   3   3   3   3   3   3   3   3  75 
 77   3   3   3   3   3   3   3   3   3   1   2   2   3   2   3   0   3   2   3   3   3   3   3   3   2   2   0   3   2   2   0   2   3   2   2   2   2   2   3   2   2   3   3   0   3   3   3   0   3   3   2   2   3   3   0   2   3   3   2   3   3   3   3   3   3   3   3   2   3   3   2   0   3   3   2   2   3   3   0   3   3   3   0   3   3   2   2   3   2   2   2   2   2   3   2   0   2   2   3   0   2   2   3   3   3   3   3   3   2   3   0   3   2   3   2   2   1   3   3   3   3   3   3   3   3   3  77 
 79   3   3   3   3   3   3   3   3   1   3   3   3   3   0   3   3   3   0   3   3   3   3   3   3   3   3   3   2   2   2   2   0   3   2   2   2   2   2   0   3   2   0   3   3   3   0   3   3   3   0   2   3   0   3   2   0   3   3   2   3   3   3   3   3   3   3   3   2   3   3   0   2   3   0   3   2   0   3   3   3   0   3   3   3   0   2   3   0   2   2   2   2   2   3   0   2   2   2   2   3   3   3   3   3   3   3   3   3   0   3   3   3   0   3   3   3   3   1   3   3   3   3   3   3   3   3  79 
 81   3   3   3   3   3   3   2   0   2   2   2   0   3   3   3   0   3   3   2   3   3   3   3   3   3   3   3   3   3   3   3   3   2   2   2   2   2   0   2   3   0   2   3   0   3   3   3   0   3   2   0   3   2   2   2   2   2   3   2   3   3   3   3   3   3   3   3   2   3   2   2   2   2   2   3   0   2   3   0   3   3   3   0   3   2   0   3   2   0   2   2   2   2   2   3   3   3   3   3   3   3   3   3   3   3   3   3   2   3   3   0   3   3   3   0   2   2   2   0   2   3   3   3   3   3   3  81 
 83   3   3   3   3   3   1   3   3   3   2   0   2   3   0   3   3   3   0   2   3   3   3   3   3   3   3   3   3   3   3   3   3   3   3   3   3   1   3   3   3   3   3   2   3   3   0   3   3   2   2   3   2   3   0   2   3   0   3   2   3   3   3   3   3   3   3   3   2   3   0   3   2   0   3   2   3   2   2   3   3   0   3   3   2   3   3   3   3   3   1   3   3   3   3   3   3   3   3   3   3   3   3   3   3   3   3   3   2   0   3   3   3   0   3   2   0   2   3   3   3   1   3   3   3   3   3  83 
 85   3   3   3   2   0   2   0   3   0   2   3   3   2   3   3   0   3   2   0   3   3   3   3   3   3   3   3   3   3   3   3   3   3   3   2   0   2   2   2   0   3   0   3   0   3   3   3   0   2   3   0   2   3   2   0   3   3   2   2   3   3   3   3   3   3   3   3   2   2   3   3   0   2   3   2   0   3   2   0   3   3   3   0   3   0   3   0   2   2   2   0   2   3   3   3   3   3   3   3   3   3   3   3   3   3   3   3   0   2   3   0   3   3   2   3   3   2   0   3   0   2   0   2   3   3   3  85 
 87   3   3   1   3   3   1   3   3   3   3   2   0   3   0   3   3   2   2   3   2   3   3   3   3   3   3   3   3   3   3   3   3   3   1   3   3   3   2   0   2   2   3   2   3   3   0   3   2   0   3   2   0   3   3   3   3   0   2   2   3   3   3   3   3   3   3   3   2   2   0   3   3   3   3   0   2   3   0   2   3   0   3   3   2   3   2   2   0   2   3   3   3   1   3   3   3   3   3   3   3   3   3   3   3   3   3   2   3   2   2   3   3   0   3   0   2   3   3   3   3   1   3   3   1   3   3  87 
 89   2   0   2   0   2   3   2   0   3   0   2   3   2   3   3   0   2   3   0   2   3   3   3   3   3   3   3   3   3   3   3   2   0   2   0   3   0   2   3   3   2   0   3   0   3   3   2   3   3   2   3   3   3   0   2   3   2   0   2   3   3   3   3   3   3   3   3   2   0   2   3   2   0   3   3   3   2   3   3   2   3   3   0   3   0   2   3   3   2   0   3   0   2   0   2   3   3   3   3   3   3   3   3   3   3   3   2   0   3   2   0   3   3   2   3   2   0   3   0   2   3   2   0   2   0   2  89 
 90   3   3   1   3   3   1   3   3   3   3   2   0   3   0   3   2   0   3   2   0   3   3   3   3   3   3   3   3   3   3   1   3   3   1   3   3   3   3   2   0   2   3   2   3   3   0   3   0   2   3   0   2   3   2   0   3   2   2   0   3   3   3   3   3   3   3   3   0   2   2   3   0   2   3   2   0   3   2   0   3   0   3   3   2   3   2   0   2   3   3   3   3   1   3   3   1   3   3   3   3   3   3   3   3   3   3   0   2   3   0   2   3   0   3   0   2   3   3   3   3   1   3   3   1   3   3  90 
 91   3   3   3   2   0   2   0   3   0   2   3   3   3   3   3   3   3   3   3   3   2   3   3   3   3   3   3   3   2   0   2   0   2   3   2   0   3   0   2   3   2   0   3   0   3   3   2   2   0   3   2   0   3   3   3   2   2   3   3   2   3   3   3   3   3   3   2   3   3   2   2   3   3   3   0   2   3   0   2   2   3   3   0   3   0   2   3   2   0   3   0   2   3   2   0   2   0   2   3   3   3   3   3   3   3   2   3   3   3   3   3   3   3   3   3   3   2   0   3   0   2   0   2   3   3   3  91 
 92   3   3   3   3   3   1   3   3   3   2   0   3   0   3   0   2   3   0   2   2   2   3   3   3   3   3   3   2   3   3   1   3   3   1   3   3   3   3   2   0   2   3   2   3   3   0   2   2   3   2   3   3   3   0   2   2   3   0   2   2   3   3   3   3   3   3   2   2   0   3   2   2   0   3   3   3   2   3   2   2   0   3   3   2   3   2   0   2   3   3   3   3   1   3   3   1   3   3   2   3   3   3   3   3   3   2   2   2   0   3   2   0   3   0   3   0   2   3   3   3   1   3   3   3   3   3  92 
 93   3   3   3   3   3   3   2   0   2   3   3   3   3   2   2   0   3   2   0   2   2   3   3   3   3   3   3   0   3   3   3   2   0   2   0   3   0   2   3   3   2   0   3   0   3   2   0   3   0   3   0   2   3   2   0   2   3   2   0   2   3   3   3   3   3   3   2   0   2   3   2   0   2   3   2   0   3   0   3   0   2   3   0   3   0   2   3   3   2   0   3   0   2   0   2   3   3   3   0   3   3   3   3   3   3   2   2   0   2   3   0   2   2   3   3   3   3   2   0   2   3   3   3   3   3   3  93 
 94   3   3   3   3   3   3   3   3   2   0   3   0   2   2   3   3   2   2   2   0   2   3   3   3   3   3   1   2   1   3   3   3   3   1   3   3   3   2   0   2   3   3   3   3   3   3   3   3   3   2   2   0   3   2   2   0   3   2   2   0   3   3   3   3   3   3   0   2   2   3   0   2   2   3   0   2   2   3   3   3   3   3   3   3   3   3   2   0   2   3   3   3   1   3   3   3   3   1   2   1   3   3   3   3   3   2   0   2   2   2   3   3   2   2   0   3   0   2   3   3   3   3   3   3   3   3  94 
 95   3   3   3   3   3   3   3   3   3   3   2   2   0   3   0   2   2   2   2   2   0   3   3   3   3   2   3   0   3   2   3   3   3   3   2   0   2   3   3   2   0   3   0   3   0   2   3   0   2   2   2   3   2   2   3   3   2   2   3   3   2   3   3   3   3   2   3   3   2   2   3   3   2   2   3   2   2   2   0   3   2   0   3   0   3   0   2   3   3   2   0   2   3   3   3   3   2   3   0   3   2   3   3   3   3   0   2   2   2   2   2   0   3   0   2   2   3   3   3   3   3   3   3   3   3   3  95 
 96   3   3   3   3   3   3   3   3   3   3   3   3   3   2   2   0   2   3   3   3   3   2   3   3   3   0   3   2   3   0   3   3   3   3   3   3   2   0   2   3   3   3   3   2   2   0   3   2   0   2   3   0   2   3   0   2   2   3   0   2   2   3   3   3   3   2   2   0   3   2   2   0   3   2   0   3   2   0   2   3   0   2   2   3   3   3   3   2   0   2   3   3   3   3   3   3   0   3   2   3   0   3   3   3   2   3   3   3   3   2   0   2   2   3   3   3   3   3   3   3   3   3   3   3   3   3  96 
 97   3   3   3   3   3   3   3   3   3   3   3   3   3   3   3   3   2   0   2   2   2   2   3   3   1   2   1   3   1   2   1   3   3   3   3   3   3   3   2   0   3   0   2   2   3   3   2   2   2   0   3   2   0   3   2   0   2   3   2   0   2   3   3   3   3   2   0   2   3   2   0   2   3   0   2   3   0   2   2   2   3   3   2   2   0   3   0   2   3   3   3   3   3   3   3   1   2   1   3   1   2   1   3   3   2   2   2   2   0   2   3   3   3   3   3   3   3   3   3   3   3   3   3   3   3   3  97 
 98   3   3   3   3   3   3   3   3   3   3   3   3   3   3   3   3   3   3   1   2   2   2   3   2   3   0   3   2   3   0   3   2   3   3   3   3   3   3   3   3   2   2   0   3   0   2   2   3   3   3   3   3   3   2   2   2   0   3   2   2   0   3   3   3   3   0   2   2   3   0   2   2   2   3   3   3   3   3   3   2   2   0   3   0   2   2   3   3   3   3   3   3   3   3   2   3   0   3   2   3   0   3   2   3   2   2   2   1   3   3   3   3   3   3   3   3   3   3   3   3   3   3   3   3   3   3  98 
 99   3   3   3   3   3   3   3   3   3   3   3   3   3   3   3   3   3   3   1   2   2   2   3   0   3   3   3   0   3   3   3   0   3   3   3   3   3   3   3   3   3   3   3   2   2   0   3   0   2   3   0   2   2   2   3   3   3   2   3   3   3   2   3   3   2   3   3   3   2   3   3   3   2   2   2   0   3   2   0   3   0   2   2   3   3   3   3   3   3   3   3   3   3   3   0   3   3   3   0   3   3   3   0   3   2   2   2   1   3   3   3   3   3   3   3   3   3   3   3   3   3   3   3   3   3   3  99 
100   3   3   3   3   3   3   3   3   3   3   3   3   3   3   3   3   2   0   2   2   2   2   1   2   3   0   3   3   3   0   3   2   2   3   3   3   3   3   3   3   3   3   3   3   3   3   2   2   0   3   2   0   2   3   0   2   2   3   0   2   2   2   3   3   2   2   2   0   3   2   2   0   3   2   0   2   3   0   2   2   3   3   3   3   3   3   3   3   3   3   3   3   3   2   2   3   0   3   3   3   0   3   2   1   2   2   2   2   0   2   3   3   3   3   3   3   3   3   3   3   3   3   3   3   3   3 100 
101   3   3   3   3   3   3   3   3   3   3   3   3   3   3   2   0   2   3   3   2   2   0   3   2   2   2   3   0   3   2   2   3   0   3   3   3   3   3   3   3   3   3   3   3   3   3   3   3   3   2   2   2   0   3   2   0   2   3   2   0   2   2   3   3   2   2   0   2   3   2   0   2   3   0   2   2   2   3   3   3   3   3   3   3   3   3   3   3   3   3   3   3   3   0   3   2   2   3   0   3   2   2   2   3   0   2   2   3   3   2   0   2   3   3   3   3   3   3   3   3   3   3   3   3   3   3 101 
102   3   3   3   3   3   3   3   3   3   3   3   3   2   0   2   3   2   2   0   3   0   2   3   2   0   3   2   2   2   3   0   3   2   2   3   3   3   3   3   3   3   3   3   3   3   3   3   3   3   3   3   3   3   2   2   2   0   3   2   2   0   2   3   3   2   0   2   2   3   0   2   2   2   3   3   3   3   3   3   3   3   3   3   3   3   3   3   3   3   3   3   3   2   2   3   0   3   2   2   2   3   0   2   3   2   0   3   0   2   2   3   2   0   2   3   3   3   3   3   3   3   3   3   3   3   3 102 
103   3   3   3   3   3   3   3   3   3   3   2   0   2   3   2   0   3   0   2   2   3   3   3   0   2   3   0   3   0   3   2   2   3   0   3   3   3   3   3   3   3   3   3   3   3   3   3   3   3   3   3   3   3   3   3   3   3   2   2   2   2   0   3   3   0   2   2   2   2   3   3   3   3   3   3   3   3   3   3   3   3   3   3   3   3   3   3   3   3   3   3   3   0   3   2   2   3   0   3   0   3   2   0   3   3   3   2   2   0   3   0   2   3   2   0   2   3   3   3   3   3   3   3   3   3   3 103 
104   3   3   3   3   3   3   3   3   3   1   3   3   3   1   3   3   3   3   3   2   2   0   3   3   2   2   2   2   2   2   3   0   3   3   2   3   3   3   3   3   3   3   3   3   3   3   3   3   3   3   3   3   3   3   3   3   3   3   3   3   3   3   2   2   3   3   3   3   3   3   3   3   3   3   3   3   3   3   3   3   3   3   3   3   3   3   3   3   3   3   3   2   3   3   0   3   2   2   2   2   2   2   3   3   0   2   2   3   3   3   3   3   1   3   3   3   1   3   3   3   3   3   3   3   3   3 104 
105   3   3   3   3   3   3   3   2   0   2   0   3   0   2   0   3   0   3   0   3   0   2   3   0   3   0   3   0   3   0   3   3   3   0   2   3   3   3   3   3   3   3   3   3   3   3   3   3   3   3   3   3   3   3   3   3   3   3   3   3   3   3   3   3   3   3   3   3   3   3   3   3   3   3   3   3   3   3   3   3   3   3   3   3   3   3   3   3   3   3   3   2   0   3   3   3   0   3   0   3   0   3   0   3   2   0   3   0   3   0   3   0   2   0   3   0   2   0   2   3   3   3   3   3   3   3 105 
106   3   3   3   3   3   3   1   3   3   1   3   3   3   1   3   3   3   3   3   3   3   3   2   3   2   3   2   3   2   3   3   0   3   2   0   3   3   3   3   3   3   3   3   3   3   3   3   3   3   3   3   3   3   3   3   3   3   3   3   3   3   3   3   3   3   3   3   3   3   3   3   3   3   3   3   3   3   3   3   3   3   3   3   3   3   3   3   3   3   3   3   0   2   3   0   3   3   2   3   2   3   2   3   2   3   3   3   3   3   3   3   3   1   3   3   3   1   3   3   1   3   3   3   3   3   3 106 
107   3   3   3   3   2   0   2   0   2   3   2   0   2   3   2   0   3   0   3   0   3   0   3   0   3   0   3   0   3   0   3   3   2   2   3   2   3   3   3   3   3   3   3   3   3   3   3   3   3   3   3   3   3   3   3   3   3   3   3   3   3   3   3   3   3   3   3   3   3   3   3   3   3   3   3   3   3   3   3   3   3   3   3   3   3   3   3   3   3   3   2   3   2   2   3   3   0   3   0   3   0   3   0   3   0   3   0   3   0   3   0   2   3   2   0   2   3   2   0   2   0   2   3   3   3   3 107 
108   3   3   3   1   3   3   1   3   3   1   3   3   3   1   3   3   3   3   3   3   3   3   3   3   3   3   3   3   3   3   3   0   2   3   0   2   3   3   3   3   3   3   3   3   3   3   3   3   3   3   3   3   3   3   3   3   3   3   3   3   3   3   3   3   3   3   3   3   3   3   3   3   3   3   3   3   3   3   3   3   3   3   3   3   3   3   3   3   3   3   2   0   3   2   0   3   3   3   3   3   3   3   3   3   3   3   3   3   3   3   3   3   1   3   3   3   1   3   3   1   3   3   1   3   3   3 108 
109   3   2   0   2   0   2   3   2   0   2   0   3   0   2   0   3   0   3   0   3   0   3   0   3   0   3   0   3   0   2   3   2   0   3   2   0   3   3   3   3   3   3   3   3   3   3   3   3   3   3   3   3   3   3   3   3   3   3   3   3   3   3   3   3   3   3   3   3   3   3   3   3   3   3   3   3   3   3   3   3   3   3   3   3   3   3   3   3   3   3   0   2   3   0   2   3   2   0   3   0   3   0   3   0   3   0   3   0   3   0   3   0   2   0   3   0   2   0   2   3   2   0   2   0   2   3 109 
110   1   3   3   1   3   3   1   3   3   1   3   3   3   1   3   3   3   3   3   3   3   3   3   3   3   2   3   2   2   0   3   3   3   2   2   3   2   3   3   3   3   3   3   3   3   3   3   3   3   3   3   3   3   3   3   3   3   3   3   3   3   3   3   3   3   3   3   3   3   3   3   3   3   3   3   3   3   3   3   3   3   3   3   3   3   3   3   3   3   2   3   2   2   3   3   3   0   2   2   3   2   3   3   3   3   3   3   3   3   3   3   3   1   3   3   3   1   3   3   1   3   3   1   3   3   1 110 
110   3   1   3   3   2   0   2   0   2   3   2   0   2   3   2   0   3   0   3   0   3   0   3   0   2   3   0   2   2   3   3   0   2   2   3   0   2   3   3   3   3   3   3   3   3   3   3   3   3   3   3   3   3   3   3   3   3   3   3   3   3   3   3   3   3   3   3   3   3   3   3   3   3   3   3   3   3   3   3   3   3   3   3   3   3   3   3   3   3   2   0   3   2   2   0   3   3   2   2   0   3   2   0   3   0   3   0   3   0   3   0   2   3   2   0   2   3   2   0   2   0   2   3   3   1   3 110 
110   3   3   1   3   3   3   1   3   3   1   3   3   3   1   3   3   3   3   3   3   3   3   2   2   0   3   2   0   3   0   3   2   0   2   3   2   0   3   3   3   3   3   3   3   3   3   3   3   3   3   3   3   3   3   3   3   3   3   3   3   3   3   3   3   3   3   3   3   3   3   3   3   3   3   3   3   3   3   3   3   3   3   3   3   3   3   3   3   3   0   2   3   2   0   2   3   0   3   0   2   3   0   2   2   3   3   3   3   3   3   3   3   1   3   3   3   1   3   3   1   3   3   3   1   3   3 110 
110   3   3   3   1   3   3   3   2   0   2   0   3   0   2   0   3   0   3   0   3   0   2   2   3   3   2   3   3   2   3   2   2   2   0   3   3   3   2   3   3   3   3   3   3   3   3   3   3   3   3   3   3   3   3   3   3   3   3   3   3   3   3   3   3   3   3   3   3   3   3   3   3   3   3   3   3   3   3   3   3   3   3   3   3   3   3   3   3   2   3   3   3   0   2   2   2   3   2   3   3   2   3   3   2   2   0   3   0   3   0   3   0   2   0   3   0   2   0   2   3   3   3   1   3   3   3 110 
110   3   3   3   3   1   3   3   3   3   1   3   3   3   1   3   3   3   3   3   2   2   0   3   0   2   3   0   2   3   0   2   2   3   3   3   0   2   2   3   3   3   3   3   3   3   3   3   3   3   3   3   3   3   3   3   3   3   3   3   3   3   3   3   3   3   3   3   3   3   3   3   3   3   3   3   3   3   3   3   3   3   3   3   3   3   3   3   3   2   2   0   3   3   3   2   2   0   3   2   0   3   2   0   3   0   2   2   3   3   3   3   3   1   3   3   3   1   3   3   3   3   1   3   3   3   3 110 
110   3   3   3   3   3   1   3   3   3   3   2   0   2   3   2   0   3   0   2   2   3   3   2   2   0   3   2   0   3   2   0   3   0   2   3   2   0   2   3   3   3   3   3   3   3   3   3   3   3   3   3   3   3   3   3   3   3   3   3   3   3   3   3   3   3   3   3   3   3   3   3   3   3   3   3   3   3   3   3   3   3   3   3   3   3   3   3   3   2   0   2   3   2   0   3   0   2   3   0   2   3   0   2   2   3   3   2   2   0   3   0   2   3   2   0   2   3   3   3   3   1   3   3   3   3   3 110 
110   3   3   3   3   3   3   1   3   3   3   3   3   2   0   2   3   2   2   0   3   0   2   3   3   3   3   3   3   3   3   3   2   2   0   3   2   2   0   3   3   3   3   3   3   3   3   3   3   3   3   3   3   3   3   3   3   3   3   3   3   3   3   3   3   3   3   3   3   3   3   3   3   3   3   3   3   3   3   3   3   3   3   3   3   3   3   3   3   0   2   2   3   0   2   2   3   3   3   3   3   3   3   3   3   2   0   3   0   2   2   3   2   0   2   3   3   3   3   3   1   3   3   3   3   3   3 110 
110   3   3   3   3   3   3   3   1   3   3   3   3   3   3   2   0   2   3   3   3   3   2   0   2   3   0   2   3   0   2   2   2   3   3   2   2   3   3   2   3   3   3   3   3   3   3   3   3   3   3   3   3   3   3   3   3   3   3   3   3   3   3   3   3   3   3   3   3   3   3   3   3   3   3   3   3   3   3   3   3   3   3   3   3   3   3   3   2   3   3   2   2   3   3   2   2   2   0   3   2   0   3   2   0   2   3   3   3   3   2   0   2   3   3   3   3   3   3   1   3   3   3   3   3   3   3 110 
110   3   3   3   3   3   3   3   3   1   3   3   3   3   3   3   3   2   0   3   0   2   2   2   0   3   2   0   3   2   0   2   3   0   2   2   3   0   2   2   3   3   3   3   3   3   3   3   3   3   3   3   3   3   3   3   3   3   3   3   3   3   3   3   3   3   3   3   3   3   3   3   3   3   3   3   3   3   3   3   3   3   3   3   3   3   3   3   2   2   0   3   2   2   0   3   2   0   2   3   0   2   3   0   2   2   2   0   3   0   2   3   3   3   3   3   3   3   1   3   3   3   3   3   3   3   3 110 
110   3   3   3   3   3   3   3   3   3   1   3   3   3   3   3   3   3   3   2   2   0   2   3   3   3   3   3   2   2   2   0   3   2   0   2   3   2   0   2   3   3   3   3   3   3   3   3   3   3   3   3   3   3   3   3   3   3   3   3   3   3   3   3   3   3   3   3   3   3   3   3   3   3   3   3   3   3   3   3   3   3   3   3   3   3   3   3   2   0   2   3   2   0   2   3   0   2   2   2   3   3   3   3   3   2   0   2   2   3   3   3   3   3   3   3   3   1   3   3   3   3   3   3   3   3   3 110 
110   3   3   3   3   3   3   3   3   3   3   1   3   3   3   3   3   3   3   3   3   3   2   0   3   0   2   2   2   3   3   3   2   2   2   0   3   2   2   0   3   3   3   3   3   3   3   3   3   3   3   3   3   3   3   3   3   3   3   3   3   3   3   3   3   3   3   3   3   3   3   3   3   3   3   3   3   3   3   3   3   3   3   3   3   3   3   3   0   2   2   3   0   2   2   2   3   3   3   2   2   2   0   3   0   2   3   3   3   3   3   3   3   3   3   3   1   3   3   3   3   3   3   3   3   3   3 110 
110   3   3   3   3   3   3   3   3   3   3   3   1   3   3   3   3   3   3   3   3   3   3   3   2   2   0   2   3   0   2   2   2   3   3   3   2   3   3   3   2   3   3   3   3   3   3   3   3   3   3   3   3   3   3   3   3   3   3   3   3   3   3   3   3   3   3   3   3   3   3   3   3   3   3   3   3   3   3   3   3   3   3   3   3   3   3   2   3   3   3   2   3   3   3   2   2   2   0   3   2   0   2   2   3   3   3   3   3   3   3   3   3   3   3   1   3   3   3   3   3   3   3   3   3   3   3 110 
110   3   3   3   3   3   3   3   3   3   3   3   3   1   2   2   2   2   2   2   2   2   2   2   2   2   2   0   3   2   0   2   3   0   2   2   3   0   2   2   2   3   3   3   3   3   3   3   3   3   3   3   3   3   3   3   3   3   3   3   3   3   3   3   3   3   3   3   3   3   3   3   3   3   3   3   3   3   3   3   3   3   3   3   3   3   3   2   2   2   0   3   2   2   0   3   2   0   2   3   0   2   2   2   2   2   2   2   2   2   2   2   2   2   1   3   3   3   3   3   3   3   3   3   3   3   3 110 
110   3   3   3   3   3   3   3   3   3   3   3   3   2   3   3   3   3   3   3   3   3   3   3   3   3   3   3   2   2   2   0   3   2   0   2   3   2   0   2   2   3   3   3   3   3   3   3   3   3   3   3   3   3   3   3   3   3   3   3   3   3   3   3   3   3   3   3   3   3   3   3   3   3   3   3   3   3   3   3   3   3   3   3   3   3   3   2   2   0   2   3   2   0   2   3   0   2   2   2   3   3   3   3   3   3   3   3   3   3   3   3   3   3   2   3   3   3   3   3   3   3   3   3   3   3   3 110 
110   3   3   3   3   3   3   3   3   3   3   3   3   2   3   3   3   3   3   3   3   3   3   3   3   3   3   3   3   3   3   3   2   2   2   0   3   2   2   0   2   3   3   3   3   3   3   3   3   3   3   3   3   3   3   3   3   3   3   3   3   3   3   3   3   3   3   3   3   3   3   3   3   3   3   3   3   3   3   3   3   3   3   3   3   3   3   2   0   2   2   3   0   2   2   2   3   3   3   3   3   3   3   3   3   3   3   3   3   3   3   3   3   3   2   3   3   3   3   3   3   3   3   3   3   3   3 110 
110   3   3   3   3   3   3   3   3   3   3   3   3   2   3   3   3   3   3   3   3   3   3   3   3   3   3   3   3   3   3   3   3   3   3   3   2   2   2   2   0   3   3   3   3   3   3   3   3   3   3   3   3   3   3   3   3   3   3   3   3   3   3   3   3   3   3   3   3   3   3   3   3   3   3   3   3   3   3   3