Centered Case
Sequential Expander Algorithm
Algorithm time = 518.723ms 
[  0]   0    0    0    0    0    0    0    0    0    0    0    0    0    0    0    0    0    0    0    0    0    0    0    0    0    0    0    0    0    0    0    0    0    0    0    0    0    0    0    0    0    0    0    0    0    0    0    0    0    0    0    0    0    0    0    0    0    0    0    0    0    0    0    0    0    0    0    0    0    0    0    0    0    0    0    0    0    0    0    0    0    0    0    0    0    0    0    0    0    0    0    0    0    0    0    0    0    0    0    0    0    0    0    0    0    0    0    0    0    0    0    0    0    0    0    0    0    0    0    0    0    0    0    0    0    0    0    0 
[  1]   0    0    2    1    3    2    3    0    3    0    3    3    0    2    3    0    3    2    0    3    2    2    2    2    2    2    2    2    2    2    2    2    2    2    2    2    2    2    2    2    0    2    3    3    3    3    3    3    2    3    3    3    3    2    3    3    3    3    2    3    3    3    2    3    3    3    2    3    3    3    2    3    3    3    2    3    3    3    3    2    3    3    3    3    3    3    3    2    0    2    2    2    2    2    2    2    2    2    2    2    2    2    2    2    2    2    2    2    2    2    3    0    3    0    3    0    3    2    2    3    0    3    2    3    1    1    2    0 
[  2]   0    2    2    3    3    2    3    2    2    2    3    3    2    0    3    3    3    0    2    3    2    2    2    2    2    2    2    2    2    2    2    2    2    2    2    2    2    2    2    0    2    2    1    3    3    3    3    3    0    3    3    3    3    0    3    3    3    3    0    3    3    3    0    3    3    3    0    3    3    3    0    3    3    3    0    3    3    3    3    0    3    3    3    3    3    3    2    3    3    1    2    2    2    2    2    2    2    2    2    2    2    2    2    2    2    2    2    2    2    2    3    2    2    2    2    2    3    2    2    3    2    3    1    2    2    0    1    0 
[  3]   0    1    3    2    2    1    3    3    0    3    3    3    2    3    3    0    3    3    2    3    2    2    2    2    2    2    2    2    2    2    2    2    2    2    2    2    2    2    1    3    3    3    2    1    3    3    3    1    2    1    3    3    2    2    2    3    3    2    2    2    3    2    2    2    3    2    2    2    3    1    2    1    3    1    2    1    3    3    1    2    2    3    3    3    3    3    0    3    3    2    3    3    3    3    3    3    3    3    3    3    3    3    3    3    3    3    3    2    2    2    3    3    0    3    0    3    3    2    2    3    3    1    3    3    2    2    1    0 
[  4]   0    3    3    2    2    2    0    2    2    3    3    3    3    0    3    3    3    0    3    3    2    3    3    3    3    3    3    3    3    3    3    3    3    3    3    3    3    3    2    3    3    3    0    3    1    3    2    3    0    3    2    3    0    3    0    3    3    0    3    0    3    0    3    0    3    0    3    0    1    3    0    3    0    3    0    3    1    1    3    2    0    3    3    3    3    2    2    1    3    2    3    3    3    3    3    3    3    3    3    3    3    3    3    2    2    2    0    3    2    2    3    3    2    2    2    3    3    1    1    3    3    3    2    0    3    2    3    0 
[  5]   0    2    2    1    2    2    3    3    2    3    3    3    3    2    3    0    3    2    3    3    3    0    2    2    2    3    3    3    3    3    3    3    3    3    3    3    3    3    2    3    3    2    2    2    3    1    0    3    3    3    0    1    2    2    3    2    2    3    3    3    1    3    3    3    1    3    3    2    3    3    3    2    1    2    3    2    2    2    3    0    2    2    3    3    3    0    2    3    1    2    3    3    3    3    3    3    3    3    3    3    2    2    0    3    2    0    2    3    2    2    3    3    3    0    3    3    1    3    3    1    2    2    2    2    3    1    2    0 
[  6]   0    3    3    3    0    3    2    2    1    3    3    3    3    3    1    2    1    3    3    3    3    2    0    2    3    0    2    2    3    3    3    3    3    3    3    3    3    3    2    3    3    0    3    0    3    2    1    3    0    3    1    3    3    3    1    3    3    3    1    3    2    3    1    3    2    3    1    2    3    1    3    3    2    3    2    3    3    3    3    3    2    0    3    3    2    2    0    3    3    0    3    3    3    3    3    3    3    3    2    0    3    0    2    3    0    2    2    3    2    2    3    3    3    2    3    1    3    3    3    1    2    2    2    3    1    3    3    0 
[  7]   0    0    2    3    2    3    2    2    2    0    2    3    3    3    3    0    3    3    3    3    3    2    2    0    3    2    0    3    0    2    2    3    3    3    3    3    3    3    2    3    2    3    2    3    2    2    1    2    3    3    3    1    3    1    3    1    3    2    3    1    1    1    3    1    1    1    3    0    1    3    2    3    2    3    0    3    3    3    2    3    3    3    2    3    0    2    3    2    3    2    1    2    2    2    2    2    2    0    2    3    3    3    3    2    3    3    2    3    2    2    3    3    3    3    1    3    3    2    0    2    2    2    2    3    3    2    0    0 
[  8]   0    3    2    0    2    2    1    2    2    3    2    0    2    3    3    2    3    3    3    3    3    2    3    3    2    3    3    2    2    0    3    0    2    3    3    3    3    3    2    3    2    0    3    0    2    2    1    3    3    1    3    3    0    3    2    3    1    0    3    2    2    2    2    3    3    3    2    1    2    3    0    3    2    2    3    2    3    3    0    3    3    3    3    3    3    2    0    2    3    2    2    3    3    3    3    3    1    3    2    2    0    3    0    3    2    0    3    3    2    2    3    3    3    3    3    2    0    2    3    2    2    1    1    3    3    3    3    0 
[  9]   0    0    2    3    3    3    3    0    3    0    2    3    2    0    2    3    3    3    3    3    3    3    0    2    3    0    2    2    3    3    3    3    3    1    3    3    3    3    2    3    0    2    2    3    1    3    3    1    1    3    2    3    1    3    0    3    2    1    2    3    3    3    3    1    3    1    3    2    3    3    3    2    2    2    0    2    3    2    2    2    3    3    3    1    2    2    2    0    3    2    2    3    3    3    2    0    2    0    3    0    2    2    3    3    0    2    3    3    1    1    3    3    3    3    3    3    3    2    0    3    0    3    3    1    2    2    2    0 
[ 10]   0    3    3    3    3    3    3    2    2    2    2    0    2    3    3    3    3    3    3    3    3    3    2    0    3    2    0    3    0    3    0    3    0    2    0    2    3    3    2    2    3    3    3    1    3    2    3    2    2    3    0    3    1    2    3    3    3    2    3    2    3    3    2    3    0    3    2    2    3    2    3    3    3    1    3    1    3    0    3    0    3    3    1    2    3    3    3    3    2    2    2    3    3    1    3    3    1    3    3    3    3    2    0    3    3    2    3    1    3    3    1    2    2    2    2    2    2    2    2    2    2    3    3    1    2    2    2    0 
[ 11]   0    3    3    3    3    3    3    3    0    3    0    2    3    3    3    3    3    3    3    3    3    3    2    2    2    2    3    2    3    3    3    3    3    1    3    3    1    3    2    2    2    2    1    3    3    0    3    2    2    2    3    3    2    3    3    2    3    2    3    0    3    3    0    3    1    3    0    2    3    0    3    3    2    3    1    1    2    3    2    2    1    1    3    0    3    3    3    3    3    3    3    3    1    3    1    3    3    2    0    3    0    2    2    3    0    3    1    3    3    3    1    2    2    2    2    2    2    2    3    0    3    3    1    3    3    3    3    0 
[ 12]   0    0    2    2    3    3    3    3    2    2    2    3    0    2    2    2    3    3    3    3    3    3    2    3    0    3    0    3    2    0    3    0    2    3    3    1    3    2    2    2    2    2    1    3    2    3    2    3    3    3    3    1    2    3    3    0    3    2    2    3    2    2    3    2    1    2    3    1    2    3    2    3    0    3    2    2    3    2    3    3    3    3    2    3    2    3    3    3    3    2    0    3    3    1    2    0    2    3    3    2    2    0    3    1    2    1    3    3    3    1    3    3    3    3    3    3    2    2    3    2    3    1    3    3    3    2    0    0 
[ 13]   0    2    0    3    0    2    3    3    3    0    3    3    2    0    2    3    0    2    2    3    3    3    2    3    2    2    2    3    0    2    2    3    3    3    1    3    3    0    2    3    3    3    3    1    1    0    3    0    2    2    1    3    0    3    2    3    3    3    3    2    3    3    2    3    2    3    1    1    2    1    2    2    3    2    2    2    3    0    3    3    2    0    3    0    2    3    3    2    0    2    3    2    3    2    3    3    2    0    2    3    3    3    2    3    0    3    3    3    1    3    3    3    2    2    2    0    3    2    3    3    1    3    3    2    0    2    3    0 
[ 14]   0    3    3    3    3    3    1    3    3    2    3    3    2    2    0    3    2    0    3    0    2    2    1    3    3    0    3    2    3    3    3    3    3    1    3    3    2    3    2    0    2    3    3    2    2    1    2    3    2    3    2    2    3    3    3    3    1    3    3    0    3    3    0    3    2    2    2    2    3    0    3    3    2    3    3    3    2    2    1    1    3    3    2    2    0    3    1    3    3    2    0    2    3    2    3    3    3    3    2    0    2    2    2    3    2    3    3    1    3    2    2    0    3    2    0    2    3    2    3    3    3    2    0    2    3    2    0    0 
[ 15]   0    0    3    0    3    0    2    0    2    3    3    3    2    3    3    2    3    3    3    3    1    3    3    1    3    2    3    2    2    2    2    2    1    3    3    3    2    0    2    3    3    2    3    2    2    1    3    3    0    3    2    2    2    1    2    1    3    1    1    2    2    2    3    3    3    1    3    3    3    3    2    3    0    3    3    2    3    3    3    3    2    3    3    3    3    0    3    1    2    2    2    0    3    2    3    3    3    3    3    3    1    2    2    3    3    2    0    2    0    3    0    2    3    0    2    2    3    2    3    3    3    3    3    2    0    2    3    0 
[ 16]   0    3    3    3    3    3    1    3    3    3    3    3    3    0    2    3    0    3    0    2    2    0    2    3    1    3    3    2    2    2    2    2    1    3    3    3    0    2    2    2    2    0    3    3    3    3    1    1    2    2    3    3    3    0    3    2    2    3    3    3    2    3    3    1    1    3    2    3    2    3    3    3    3    2    3    0    3    3    2    0    2    3    3    2    0    2    2    2    3    3    3    3    2    2    3    3    3    3    3    3    1    2    2    3    3    3    3    1    3    3    3    3    2    3    3    2    3    2    3    3    3    3    3    3    3    2    0    0 
[ 17]   0    2    0    3    0    2    3    3    3    3    3    3    3    2    0    3    3    2    2    0    2    3    3    1    3    3    3    2    2    3    3    3    3    1    2    1    3    3    3    3    3    1    3    0    2    3    3    3    3    3    2    3    2    3    3    3    3    2    3    3    0    3    2    2    2    3    0    3    0    3    3    2    3    3    2    2    1    1    3    3    1    3    2    3    3    2    0    2    3    3    3    3    3    2    3    3    3    3    2    0    2    2    2    3    3    3    3    3    2    0    3    0    3    2    0    3    3    2    3    3    3    3    3    3    3    3    3    0 
[ 18]   0    0    2    2    3    3    3    3    3    3    3    3    3    2    3    3    0    2    2    3    3    3    1    3    3    3    3    2    3    0    2    2    2    1    3    3    0    2    3    3    3    1    2    3    3    3    0    2    3    3    0    3    2    2    1    3    3    0    3    2    3    2    1    3    3    3    3    1    3    2    3    0    3    1    3    3    3    3    2    3    1    3    0    3    3    3    3    1    3    3    3    2    0    3    3    3    2    0    2    3    2    2    2    3    3    3    3    3    3    3    2    3    3    0    2    3    3    1    2    2    2    2    2    2    2    2    2    0 
[ 19]   0    3    3    3    3    3    3    3    3    3    3    3    3    3    0    3    2    0    3    2    2    1    3    3    3    3    3    2    3    2    0    2    3    3    1    3    3    2    0    2    3    1    3    3    3    2    3    3    1    1    2    2    3    3    2    2    2    3    3    3    1    3    2    1    3    1    3    2    1    2    2    2    0    3    1    2    2    0    1    1    3    3    3    2    3    3    3    1    3    2    0    2    3    3    2    0    2    3    2    0    3    2    1    2    2    2    2    2    2    2    3    0    3    3    2    3    1    3    3    3    3    3    3    3    3    3    3    0 
[ 20]   0    2    2    2    2    3    3    3    3    3    3    3    3    3    2    1    2    2    3    2    2    1    2    3    3    3    3    2    3    2    3    2    0    2    3    3    0    2    3    3    2    2    0    2    3    2    2    0    1    2    2    2    1    3    2    1    3    3    1    1    3    1    0    3    0    3    1    0    2    3    2    3    2    2    2    3    1    1    2    2    3    1    2    2    3    2    0    2    2    3    3    2    0    3    3    3    2    0    2    3    3    0    3    3    3    3    3    3    3    2    3    2    3    0    3    1    3    3    3    3    3    3    3    2    2    2    0    0 
[ 21]   0    2    2    2    3    0    2    2    2    3    3    3    3    3    2    3    0    3    3    1    1    0    3    0    2    2    2    1    3    3    0    2    3    3    3    2    3    3    3    3    0    2    3    3    1    2    1    3    2    1    3    3    2    2    2    1    1    1    2    3    3    3    2    3    2    3    3    2    1    3    0    3    0    3    3    2    2    2    3    2    1    1    2    2    2    3    3    2    0    3    3    3    3    2    3    3    3    3    2    0    3    2    3    3    3    2    2    2    0    3    3    3    1    2    1    3    3    3    3    3    2    2    0    3    2    0    2    0 
[ 22]   0    2    2    2    3    2    0    2    3    0    2    2    2    2    1    3    2    3    1    3    2    3    2    2    0    2    3    3    1    3    3    3    3    3    3    2    2    2    2    1    2    2    2    1    3    0    1    3    2    1    1    3    2    1    3    2    1    3    3    1    1    3    2    2    2    2    3    0    2    3    3    1    2    1    1    3    3    3    2    3    3    3    3    2    0    3    3    3    3    1    2    2    2    2    3    3    3    3    3    2    1    3    3    2    0    3    2    0    2    3    3    3    3    0    3    3    3    3    2    0    3    0    2    3    0    2    2    0 
[ 23]   0    2    2    2    3    2    2    0    3    2    0    2    3    3    3    1    3    1    3    3    3    0    2    2    3    2    0    2    3    3    2    3    3    3    3    2    3    3    3    2    3    3    3    2    2    3    2    2    3    2    2    2    3    2    2    3    2    1    1    2    3    3    3    2    3    2    3    3    1    2    3    0    3    3    2    1    2    0    2    3    2    0    3    3    3    2    3    2    0    3    3    3    2    2    3    3    2    2    0    3    3    2    0    2    3    3    0    2    2    3    3    3    3    2    3    3    2    0    2    3    2    3    3    2    3    3    2    0 
[ 24]   0    2    2    2    3    2    3    3    2    3    3    2    0    2    3    3    1    3    3    3    3    2    0    3    0    2    3    3    3    3    3    0    2    3    3    3    0    2    3    3    0    2    3    3    3    3    2    2    1    2    3    3    2    3    3    1    0    3    3    3    1    1    3    0    3    0    1    3    2    2    3    3    2    2    3    3    2    3    1    2    3    3    2    3    3    2    1    3    3    3    2    0    3    1    2    0    3    0    2    3    3    3    3    2    0    3    3    2    2    3    3    3    3    3    2    0    2    3    2    0    3    2    0    3    2    0    3    0 
[ 25]   0    2    2    2    3    3    0    2    3    0    2    2    3    2    0    2    3    3    3    3    3    2    2    2    2    2    3    3    3    3    3    2    2    0    2    3    3    3    1    3    3    3    3    0    2    3    3    3    2    2    1    3    2    1    1    2    3    0    3    2    3    3    1    3    1    2    3    3    2    0    1    3    3    1    3    1    2    3    1    0    3    3    2    2    0    2    3    1    2    3    3    3    2    3    1    3    2    3    2    3    3    3    3    3    3    3    0    3    2    3    3    3    3    3    3    3    2    0    2    3    3    0    2    3    0    2    3    0 
[ 26]   0    2    2    2    3    3    2    0    3    2    0    3    0    2    3    3    3    3    3    3    3    2    3    0    3    3    0    2    2    3    3    3    0    2    2    2    1    0    3    3    2    2    1    3    3    3    1    3    3    3    2    2    3    0    2    3    2    1    3    3    2    2    2    2    3    1    3    0    3    2    3    2    1    1    2    2    3    2    2    3    2    1    2    3    3    0    2    1    2    3    3    3    2    3    3    1    3    0    3    3    3    2    2    1    1    3    2    3    1    2    2    2    2    2    2    2    3    3    2    0    3    3    2    2    3    2    3    0 
[ 27]   0    2    2    2    3    3    2    3    2    2    3    2    3    3    2    2    2    2    2    2    2    1    3    2    3    3    2    0    3    0    2    3    3    3    3    3    2    3    1    3    2    3    3    0    2    3    1    2    0    2    2    2    0    3    3    2    1    3    0    3    1    1    3    3    0    2    3    2    3    3    2    2    3    3    2    3    2    3    3    3    1    2    3    3    1    3    3    1    2    3    2    0    3    3    3    1    3    2    3    2    0    3    0    3    3    1    3    1    3    3    3    3    2    2    2    3    0    2    2    3    3    0    3    2    0    3    3    0 
[ 28]   0    2    2    2    3    3    3    0    2    3    0    3    2    0    3    2    2    2    3    3    3    3    1    3    3    3    2    3    2    3    3    3    2    2    2    3    3    0    2    1    3    1    3    3    3    2    1    3    1    3    1    3    1    1    3    1    2    3    2    3    1    3    3    3    2    2    3    3    3    2    3    1    3    1    2    1    2    3    1    3    1    1    0    3    3    1    3    3    2    1    2    2    3    2    0    2    3    3    1    2    2    2    2    3    3    3    1    3    3    2    2    0    3    2    2    3    2    0    3    0    3    3    3    0    2    3    3    0 
[ 29]   0    2    2    2    3    3    3    2    0    3    3    3    0    2    3    2    2    3    0    2    2    3    3    3    3    3    3    0    3    2    2    2    1    1    3    0    2    2    3    2    3    1    3    2    2    0    3    2    3    2    2    2    2    3    3    3    3    0    3    3    2    2    3    3    3    1    2    3    0    3    3    3    3    3    2    3    3    2    1    1    1    2    3    2    2    0    2    2    2    1    2    3    1    3    3    2    3    3    1    2    3    0    3    3    3    3    3    2    0    3    0    2    3    2    2    3    2    3    2    3    3    0    3    3    2    3    3    0 
[ 30]   0    2    2    2    3    3    3    2    3    3    0    3    3    2    3    2    2    3    2    0    3    0    3    2    3    3    3    2    3    2    2    2    1    3    2    3    3    3    0    1    3    3    1    2    3    3    1    2    3    2    0    3    2    1    3    1    2    3    0    2    3    3    0    2    2    3    2    3    2    2    1    1    3    1    2    1    3    1    2    3    2    3    3    1    3    3    3    2    0    3    2    3    3    0    1    3    2    0    2    2    3    2    3    3    3    2    2    2    3    2    3    2    3    2    2    3    3    0    3    0    3    3    3    0    3    3    3    0 
[ 31]   0    2    2    2    3    3    3    3    0    3    3    3    0    3    3    2    2    3    2    2    2    2    3    3    0    2    3    3    3    2    2    2    3    3    2    2    2    3    2    1    2    0    3    2    2    0    3    3    2    3    3    0    3    3    3    3    2    3    3    3    3    3    2    0    3    0    3    3    1    2    3    1    3    3    2    2    2    2    2    1    3    0    2    0    2    2    3    3    2    1    3    2    0    2    3    1    2    2    2    2    3    3    2    2    0    3    2    3    0    3    0    3    3    1    1    3    3    2    2    2    3    0    3    2    3    3    3    0 
[ 32]   0    2    2    2    3    3    3    3    2    3    0    3    2    3    3    1    1    3    2    3    0    3    3    3    2    2    0    3    2    1    1    3    2    2    1    1    3    1    3    1    3    2    1    2    3    3    3    1    2    3    1    2    1    1    3    1    2    1    0    1    2    3    2    3    2    3    3    1    3    2    3    2    2    1    0    3    3    1    3    2    2    3    2    3    3    2    2    0    3    1    3    3    3    2    3    1    2    3    1    1    2    2    3    0    2    3    2    3    2    1    2    3    1    3    3    1    3    3    0    3    1    2    1    3    3    3    3    0 
[ 33]   0    2    2    2    3    3    3    3    3    1    2    1    3    3    1    3    3    1    1    3    2    3    3    3    3    0    2    3    2    1    3    3    2    2    1    3    3    1    3    2    1    3    1    2    3    3    3    1    2    2    2    3    3    1    3    3    3    2    3    2    2    1    3    0    3    0    3    3    1    3    1    3    2    1    3    0    3    1    1    2    3    3    2    3    3    2    3    2    1    2    3    2    2    3    1    3    2    3    3    1    2    2    3    2    2    3    1    2    1    3    1    1    3    3    3    3    1    3    2    2    3    0    3    3    3    3    3    0 
[ 34]   0    2    2    2    3    3    3    3    3    3    0    3    3    1    3    3    3    2    3    1    3    3    3    3    3    2    2    3    2    3    2    2    1    1    2    3    3    2    1    3    1    3    3    2    2    0    3    3    2    0    2    3    1    1    2    3    0    3    3    3    3    2    2    3    3    3    2    3    1    3    1    3    2    3    3    2    3    2    2    2    1    3    3    0    2    3    1    3    1    3    1    3    1    2    2    0    3    3    3    3    3    2    3    3    1    1    3    3    3    1    3    2    3    3    3    3    3    1    3    0    3    2    3    3    3    3    3    0 
[ 35]   0    2    2    2    3    3    3    3    3    3    2    3    1    3    3    3    3    1    3    3    3    2    2    2    3    3    2    3    3    0    3    2    1    3    3    0    2    3    1    3    3    3    2    2    3    3    2    3    3    3    1    2    3    3    2    3    2    3    2    0    2    2    3    3    1    3    3    2    3    2    3    1    3    2    2    2    2    3    3    3    1    1    3    3    3    3    1    3    3    3    1    3    3    2    2    2    2    2    2    3    0    3    3    3    3    1    2    2    3    3    3    1    3    3    3    3    3    3    1    2    1    3    3    3    3    3    3    0 
[ 36]   0    2    2    2    3    3    3    3    3    3    3    1    3    3    2    2    0    3    0    3    0    3    2    3    0    3    1    2    3    2    3    2    3    3    3    2    2    3    2    2    1    2    3    1    2    2    2    3    3    3    2    3    1    1    3    3    3    1    2    1    3    2    1    1    3    1    1    2    3    2    1    3    3    1    1    3    3    2    3    1    3    2    3    2    3    3    3    3    2    3    3    3    2    3    1    1    3    1    1    2    1    2    2    2    2    3    2    3    0    3    0    3    0    2    2    3    3    3    3    0    3    3    3    3    3    3    3    0 
[ 37]   0    2    2    2    3    3    3    3    3    3    3    3    2    0    3    0    2    3    2    2    2    3    2    3    2    3    0    3    0    2    3    3    1    1    2    3    3    0    3    2    3    2    3    3    2    2    2    3    3    3    2    2    3    3    3    3    3    2    3    2    2    3    1    3    3    3    1    3    2    3    2    3    1    3    3    2    3    0    1    3    3    2    3    3    0    3    1    1    2    1    1    2    3    3    3    1    3    3    2    3    3    2    2    2    3    0    3    3    2    2    2    3    2    0    3    0    2    3    3    2    3    3    3    3    3    3    3    0 
[ 38]   0    2    2    1    2    2    2    2    2    2    2    2    2    2    2    2    2    3    3    0    3    3    2    3    3    1    3    1    2    3    0    2    3    3    1    1    2    3    0    3    2    3    2    2    3    1    1    3    3    3    2    2    1    3    2    2    3    2    3    0    3    3    2    2    2    2    2    3    3    1    1    1    3    3    2    3    2    1    2    3    3    2    3    3    2    3    1    3    2    3    0    1    3    1    1    1    2    3    0    1    1    3    1    1    3    2    3    3    3    0    3    3    2    3    2    3    2    0    2    3    3    3    3    3    3    3    3    0 
[ 39]   0    2    0    3    3    3    3    3    3    3    2    2    2    3    0    3    2    3    3    2    3    3    1    2    3    3    3    3    1    2    1    1    1    2    3    3    2    2    3    0    3    2    3    1    2    3    2    0    2    3    2    2    1    1    1    3    1    2    2    3    2    0    3    2    2    2    3    0    2    3    3    3    3    1    3    2    3    1    2    3    2    1    2    2    3    3    2    2    3    0    3    1    3    3    1    2    2    3    2    2    3    1    3    3    1    3    3    3    3    2    3    3    3    0    3    0    2    3    3    3    3    3    3    3    3    3    3    0 
[ 40]   0    0    2    3    3    3    3    2    2    0    3    2    2    3    2    3    2    3    3    3    2    0    2    3    0    3    2    2    3    3    3    2    3    1    1    3    1    3    2    3    0    3    2    2    3    0    3    2    2    1    2    3    3    3    1    3    1    0    3    2    2    2    1    2    3    2    1    2    2    2    3    0    2    0    2    3    2    3    2    1    3    0    1    3    1    1    2    3    0    3    2    2    3    2    2    3    1    2    2    1    2    2    2    2    3    2    2    2    3    3    3    3    3    2    1    2    1    1    2    2    2    3    3    3    3    3    3    0 
[ 41]   0    2    2    3    3    2    0    3    0    2    3    2    2    3    3    2    0    1    1    1    2    2    2    3    2    3    2    3    1    1    3    0    2    3    3    3    2    2    3    2    3    0    3    3    2    1    2    3    1    0    1    2    0    3    2    2    2    3    1    2    3    3    3    3    0    3    3    3    3    2    1    3    2    3    2    2    3    3    2    1    3    2    3    1    3    3    3    0    3    2    3    2    0    3    3    3    3    2    3    0    1    3    2    3    0    3    2    3    0    3    2    2    2    1    3    0    3    3    0    2    3    0    2    3    3    3    3    0 
[ 42]   0    3    1    2    0    2    3    2    3    2    3    1    1    3    3    3    3    3    2    3    0    3    2    3    3    3    1    3    3    3    1    3    1    1    3    2    3    3    2    3    2    3    2    2    3    2    3    0    3    3    2    1    3    3    3    0    2    3    0    1    1    3    2    3    3    3    2    3    1    1    0    3    2    0    3    3    1    3    2    3    3    2    1    1    1    3    2    3    2    3    2    3    1    2    3    1    1    3    3    2    3    3    1    2    1    2    1    3    2    3    2    3    3    3    1    2    3    3    2    0    3    3    2    0    2    3    3    0 
[ 43]   0    3    3    1    3    2    0    3    0    3    1    3    3    1    2    2    3    0    3    3    2    3    1    2    3    0    3    0    3    2    2    2    2    2    2    2    1    3    2    1    2    3    2    0    3    2    2    3    2    1    1    3    3    2    3    2    1    3    3    3    1    3    2    3    1    3    2    3    1    3    3    3    1    2    3    2    3    1    3    2    2    3    3    3    3    3    3    3    2    1    2    2    3    1    2    2    2    2    2    2    3    0    2    3    3    3    3    1    3    3    3    0    2    2    3    2    3    3    2    3    3    0    2    3    2    0    2    0 
[ 44]   0    3    3    3    1    3    3    2    2    1    3    3    2    1    2    2    3    2    3    3    3    1    3    2    3    2    3    2    3    2    3    2    3    3    2    3    2    2    3    2    3    2    3    3    2    3    3    3    1    3    3    3    3    2    0    3    2    3    3    2    3    2    3    2    0    2    3    2    3    2    3    3    2    3    0    2    3    3    2    0    2    3    3    3    2    0    2    3    3    2    2    0    3    2    2    3    3    1    1    3    3    2    3    0    3    2    3    3    3    3    3    2    0    3    2    1    3    3    3    0    3    3    2    0    2    3    3    0 
[ 45]   0    3    3    3    3    1    2    2    2    3    2    0    3    0    1    1    3    3    3    2    2    2    0    3    3    3    3    3    2    0    3    0    3    3    0    3    2    2    1    3    0    1    2    2    3    0    2    3    3    1    3    2    3    3    2    3    2    2    1    3    1    3    1    3    1    3    1    3    1    3    1    2    2    3    2    3    3    2    1    3    3    3    2    0    2    3    3    3    1    2    3    3    2    2    0    3    2    3    3    3    3    3    3    2    3    3    0    3    2    3    3    2    2    3    2    2    0    2    3    2    3    0    2    3    3    3    3    0 
[ 46]   0    3    3    3    2    0    1    1    1    3    3    3    2    3    2    3    1    3    0    3    2    1    1    2    2    3    1    1    1    3    1    3    3    3    3    2    2    2    1    2    3    2    3    2    3    2    2    3    2    2    0    1    1    2    2    3    3    3    3    2    3    3    3    2    3    2    3    3    3    2    3    3    3    3    2    2    1    0    3    3    3    3    2    2    2    2    2    3    1    2    3    3    3    1    3    3    3    1    3    1    1    3    2    3    3    3    2    3    3    0    2    1    3    3    2    3    3    3    1    3    2    3    3    3    3    3    3    0 
[ 47]   0    3    3    1    3    3    3    2    3    1    2    2    3    0    3    3    1    3    2    3    0    3    3    2    2    3    3    2    3    2    2    3    1    1    3    3    3    3    3    0    2    3    0    3    3    3    3    0    3    2    3    3    3    2    2    2    3    3    2    3    3    1    3    1    2    1    3    1    3    3    2    3    3    2    2    2    3    3    2    1    1    2    3    3    1    1    3    1    3    2    3    3    1    3    3    1    1    3    0    2    3    3    3    2    2    2    3    3    3    2    1    3    3    3    3    0    3    1    3    3    2    2    3    3    3    3    3    0 
[ 48]   0    2    0    2    0    3    0    3    3    1    2    2    3    2    2    0    2    3    3    1    1    2    2    3    1    2    3    0    1    3    3    2    2    2    2    3    3    3    3    2    2    1    3    2    1    3    2    3    2    3    3    1    1    1    1    2    2    0    3    2    2    0    2    3    1    3    2    0    2    2    3    0    2    2    1    1    1    1    3    2    2    1    3    1    2    3    3    2    0    3    3    1    3    3    2    2    2    2    2    3    1    1    3    1    1    3    2    2    2    3    0    2    2    3    3    2    3    1    3    3    2    3    0    2    3    3    3    0 
[ 49]   0    3    3    1    3    3    3    3    1    3    3    2    3    2    3    3    2    3    3    1    2    1    1    2    2    2    3    2    3    2    2    3    3    2    0    3    3    3    3    3    1    0    3    1    3    1    2    2    3    0    3    2    3    3    0    2    2    2    2    3    2    2    2    2    2    2    2    2    2    3    2    2    2    2    0    3    3    2    1    3    1    0    1    3    2    0    1    3    2    3    1    3    3    3    0    2    3    3    0    2    3    3    3    1    2    2    1    1    3    1    3    0    3    0    2    3    3    2    0    2    1    3    2    2    0    2    3    0 
[ 50]   0    3    3    3    2    0    1    3    3    2    0    3    3    1    2    2    3    2    0    2    2    3    1    2    3    1    2    2    1    2    0    3    1    2    2    1    2    2    2    2    2    1    2    1    3    3    0    3    3    3    0    2    2    3    1    1    3    3    0    2    3    2    3    1    3    1    3    2    3    2    0    3    3    1    1    3    2    1    2    3    3    2    1    2    0    3    3    2    2    1    3    3    3    2    3    3    2    2    3    1    1    3    2    0    3    2    1    3    3    1    3    2    2    3    3    3    3    2    3    1    3    1    3    0    2    2    1    0 
[ 51]   0    3    3    3    3    1    3    1    3    3    3    3    1    3    2    2    3    3    3    2    2    3    3    2    3    3    2    2    3    2    3    0    2    3    3    2    3    2    2    2    3    2    1    3    3    2    1    3    1    2    2    2    2    2    3    3    3    2    3    3    2    3    2    2    1    2    2    3    2    3    3    2    3    3    3    2    2    1    3    1    3    3    3    3    3    3    1    3    3    0    1    2    3    2    3    3    0    2    1    2    3    3    2    2    3    2    3    3    3    2    0    2    1    2    2    3    3    3    0    2    1    3    2    3    3    3    2    0 
[ 52]   0    3    3    2    0    2    3    3    0    1    1    2    2    0    3    2    3    2    2    3    1    2    2    3    2    2    3    0    1    2    2    3    1    3    1    3    1    3    1    1    3    0    3    3    3    3    1    3    1    3    2    2    2    3    2    3    2    2    1    3    2    1    2    2    3    2    2    1    2    3    1    2    2    3    2    2    2    1    3    1    1    1    2    3    1    3    3    1    1    1    3    2    1    3    0    1    3    2    3    3    2    2    3    1    2    3    2    2    3    2    3    3    3    0    3    0    2    3    3    3    2    3    2    3    3    3    2    0 
[ 53]   0    2    0    2    3    2    3    1    3    3    2    3    3    3    3    1    0    3    2    3    3    2    1    2    3    1    0    3    1    3    1    3    1    1    1    3    1    3    3    1    3    3    3    2    2    3    2    2    1    3    3    2    3    0    1    2    2    3    3    2    3    3    2    2    1    2    2    3    3    2    3    3    2    2    0    3    1    0    2    3    3    3    2    1    3    0    2    2    3    3    3    2    1    2    3    2    1    2    1    3    1    3    2    0    3    2    1    3    1    3    2    3    3    2    2    3    3    3    2    2    1    3    3    0    2    3    2    0 
[ 54]   0    3    3    2    0    3    1    3    2    0    3    3    3    2    3    2    3    3    1    2    2    2    3    2    3    1    2    3    3    3    3    3    3    3    2    2    3    3    2    1    1    2    3    3    0    2    2    2    1    0    1    3    2    1    2    2    3    0    2    3    3    3    0    3    2    3    0    3    3    3    2    0    3    2    1    2    3    3    2    3    2    3    1    3    2    2    3    3    3    1    2    1    2    0    3    3    2    1    2    3    3    3    2    2    3    2    3    3    1    3    3    0    2    3    2    3    3    3    2    3    3    1    3    3    2    0    1    0 
[ 55]   0    3    3    3    3    2    3    1    3    3    3    2    0    3    3    1    2    3    3    2    1    1    2    3    1    2    3    2    1    3    1    3    1    3    3    3    3    3    2    3    3    2    0    2    3    3    3    2    2    2    1    3    3    2    2    2    3    2    3    2    3    2    3    3    3    3    3    2    3    2    3    2    3    2    1    3    3    2    3    1    1    0    3    3    3    3    2    0    3    2    0    3    3    3    2    2    3    3    3    1    0    1    2    0    2    3    2    3    2    0    2    2    3    3    3    0    2    3    3    0    2    3    3    0    2    3    2    0 
[ 56]   0    3    3    3    3    2    3    3    1    2    3    3    3    3    1    3    2    3    3    2    3    1    1    2    0    3    2    1    2    3    2    2    2    3    0    2    3    3    3    1    1    2    2    1    2    2    3    3    2    2    3    3    2    2    3    3    2    3    1    3    2    1    3    2    2    2    3    1    2    3    1    2    2    3    1    3    2    3    1    3    2    2    3    2    2    1    2    3    3    2    2    3    3    3    2    0    2    0    1    3    3    2    2    2    2    3    3    0    1    3    3    3    0    2    3    3    3    1    3    3    3    3    2    3    3    3    2    0 
[ 57]   0    3    3    2    0    3    3    2    0    1    2    2    2    3    3    1    3    2    0    3    3    1    3    1    3    0    1    3    3    0    3    3    1    2    3    3    1    2    2    2    0    3    3    3    3    2    3    3    0    2    3    2    2    3    0    2    3    0    3    1    1    3    2    3    1    3    2    3    1    0    1    3    1    1    2    3    2    2    1    3    0    2    3    2    3    3    3    3    2    1    3    3    3    2    3    2    2    2    3    2    1    1    3    1    3    1    3    3    3    0    2    3    3    3    3    2    1    3    3    2    3    3    2    2    3    3    2    0 
[ 58]   0    2    0    2    3    3    1    3    3    2    3    3    2    3    3    1    3    3    3    3    1    2    3    1    3    3    3    0    2    3    0    3    0    3    3    2    2    3    3    2    3    1    0    3    3    1    3    2    3    2    0    3    1    3    2    3    1    3    2    1    3    2    2    3    2    3    1    1    2    3    3    3    3    0    3    3    1    2    3    3    3    1    3    1    3    3    0    3    1    2    3    3    3    0    3    0    3    3    2    2    3    1    3    3    3    1    3    2    3    3    3    3    2    2    2    1    0    2    3    3    0    2    1    3    0    2    1    0 
[ 59]   0    3    3    2    0    3    3    1    2    3    2    0    3    2    0    2    3    3    2    3    1    3    1    2    3    2    3    3    3    3    2    3    1    2    3    0    1    2    0    3    2    2    1    3    2    3    2    3    2    3    2    3    3    2    3    2    3    1    1    0    3    1    0    2    3    1    3    3    0    1    1    1    3    3    3    2    3    3    1    1    3    2    2    3    3    3    2    0    2    3    0    2    1    2    1    3    3    2    3    1    2    2    3    2    3    2    1    3    2    1    2    2    1    2    3    2    3    3    1    3    3    1    3    2    3    1    3    0 
[ 60]   0    3    3    3    3    1    2    1    2    3    3    3    2    3    3    2    2    0    3    1    3    3    1    3    1    3    2    1    1    2    3    3    2    2    3    2    3    2    3    2    2    3    1    1    3    1    3    3    2    2    3    2    2    3    3    3    2    1    3    3    2    1    3    3    1    3    1    3    3    3    3    1    2    3    3    3    2    2    3    0    2    1    3    3    0    3    3    2    2    2    3    2    3    3    0    3    0    3    3    3    2    3    1    3    1    3    1    3    3    3    0    2    3    2    1    3    2    1    3    3    1    3    3    2    1    3    3    0 
[ 61]   0    3    3    2    0    3    3    1    2    3    3    3    2    3    3    2    3    3    2    3    1    3    3    3    1    3    2    1    3    2    3    3    3    1    2    2    2    3    3    0    2    3    3    3    2    3    3    1    0    2    2    3    1    3    3    2    1    3    2    1    1    2    3    1    2    1    3    0    3    1    2    3    1    2    3    3    1    3    1    3    2    2    3    0    2    2    2    3    2    0    3    3    2    2    3    1    1    2    2    2    3    2    0    2    1    3    3    3    1    3    3    3    3    2    1    2    1    0    2    2    0    2    3    2    1    3    3    0 
[ 62]   0    2    0    2    3    3    1    3    2    3    2    0    3    2    0    3    3    2    1    2    0    2    2    3    3    1    2    3    3    3    0    2    2    3    2    3    1    1    2    3    1    3    2    2    3    1    3    3    2    2    3    2    2    2    0    3    3    2    2    0    3    3    2    3    1    3    2    3    1    1    2    2    3    3    0    2    2    2    1    2    3    2    1    3    1    2    2    3    1    3    2    1    1    3    2    1    3    3    3    2    3    3    3    3    1    3    2    2    0    2    2    3    3    2    1    3    3    3    1    3    3    3    1    2    2    0    2    0 
[ 63]   0    3    3    2    0    3    3    1    3    1    3    3    2    3    3    3    1    2    3    1    3    3    2    2    0    3    2    3    3    3    2    0    3    0    3    3    1    3    2    2    2    3    3    3    2    3    2    1    3    2    1    2    2    2    3    3    2    3    3    2    3    1    3    2    0    1    2    0    1    3    3    3    2    3    3    2    2    0    3    1    3    3    3    1    3    1    3    3    2    2    2    3    1    3    3    3    3    2    0    3    3    3    2    3    3    1    2    3    3    3    1    0    2    2    3    3    0    2    3    3    2    0    2    0    2    3    3    0 
[ 64]   0    3    3    3    3    1    2    1    3    3    0    1    1    2    2    3    1    2    3    3    0    2    2    3    3    1    3    0    2    3    2    3    2    3    3    1    3    3    2    2    3    0    3    1    0    1    3    2    1    2    3    1    3    1    2    3    2    1    2    3    1    2    1    0    2    2    2    3    2    3    2    1    2    3    2    1    2    3    3    1    1    3    2    3    3    3    3    1    3    2    2    3    3    3    0    3    0    2    3    3    2    0    3    2    0    3    3    3    2    1    3    1    3    2    2    1    2    3    3    3    1    3    3    1    3    3    3    0 
[ 65]   0    3    3    2    0    3    3    1    3    1    3    3    2    3    2    1    3    3    3    1    3    3    2    2    0    2    1    2    2    1    3    0    3    0    3    3    1    3    2    2    2    3    3    3    2    3    2    1    3    2    1    2    2    2    3    3    2    3    3    1    3    1    3    1    2    2    3    1    3    2    3    3    2    3    2    1    0    3    1    1    3    3    3    1    3    3    1    1    3    2    2    3    2    1    2    2    3    2    0    3    3    3    2    3    3    3    0    2    2    1    3    3    1    2    2    1    3    0    2    3    1    3    3    2    0    2    3    0 
[ 66]   0    2    0    2    3    3    1    3    2    3    2    0    3    1    2    3    2    0    3    3    1    3    3    3    1    3    3    3    3    2    2    3    3    3    2    3    1    1    2    3    1    3    2    2    3    1    3    3    2    2    3    2    2    2    0    3    3    2    1    3    1    3    2    2    2    3    2    3    3    0    2    2    2    1    2    3    3    2    3    1    3    2    2    3    3    0    2    2    3    3    3    2    3    2    2    2    1    3    3    2    3    3    3    3    2    1    3    3    1    3    3    1    3    0    2    3    2    3    3    1    2    0    2    2    3    3    1    0 
[ 67]   0    3    3    2    0    2    2    0    1    2    2    2    1    1    2    3    3    3    1    2    0    2    0    3    3    3    0    2    3    3    3    3    1    3    3    2    2    3    3    0    2    3    3    3    2    3    3    1    0    2    2    3    1    3    3    2    1    3    1    3    3    0    3    0    3    1    3    2    1    1    2    1    3    3    3    3    1    3    2    1    2    3    0    3    0    3    3    3    0    3    1    2    1    2    3    3    1    1    2    2    3    2    0    3    3    3    0    2    0    2    3    1    1    3    3    3    2    2    1    3    1    3    3    2    2    1    3    0 
[ 68]   0    3    3    3    1    3    3    1    2    3    3    3    2    2    3    3    2    0    3    1    2    1    2    1    2    2    3    3    3    0    2    1    3    1    1    3    3    2    3    2    2    3    1    1    3    1    3    3    2    2    3    2    2    3    3    3    2    1    2    0    3    3    1    1    2    3    3    1    2    2    1    3    2    3    3    3    2    2    3    2    1    2    2    3    3    2    1    3    3    2    3    2    3    3    1    1    3    0    3    3    2    3    3    1    0    3    3    2    3    3    2    1    3    0    2    3    3    3    2    3    1    3    3    2    2    1    3    0 
[ 69]   0    3    3    1    3    3    1    3    3    3    2    0    3    1    0    3    3    3    2    2    3    3    3    2    2    0    2    3    2    3    2    2    2    3    3    2    2    3    1    3    2    2    1    3    2    3    2    3    2    3    2    3    3    2    3    2    3    0    3    1    3    1    1    3    3    2    0    1    2    2    2    1    3    2    3    2    3    3    2    3    2    3    2    2    0    1    2    3    0    1    2    3    2    3    3    3    3    3    2    1    2    3    1    2    3    2    3    3    3    3    1    3    2    3    3    3    0    2    1    3    3    1    3    2    3    3    1    0 
[ 70]   0    2    0    2    0    3    3    2    0    3    3    3    2    2    3    2    3    3    3    2    2    0    3    3    3    1    3    2    3    3    1    3    3    1    1    3    1    2    1    3    3    1    0    3    3    1    3    2    3    2    0    3    1    3    2    3    1    1    3    1    3    2    2    3    2    3    2    2    1    2    2    3    1    3    2    3    1    3    0    2    3    2    3    1    2    2    2    3    2    3    3    3    3    0    3    3    1    2    0    1    2    1    1    2    3    3    3    0    2    3    1    3    3    3    3    2    3    1    3    3    0    2    1    3    0    2    3    0 
[ 71]   0    3    3    1    3    2    3    3    3    2    3    3    3    2    3    3    3    2    0    2    3    3    1    0    3    3    2    2    1    3    1    1    2    3    3    1    3    3    1    3    0    3    3    3    3    2    3    3    0    2    3    2    2    3    0    2    2    3    3    1    1    3    2    3    1    3    2    1    3    1    3    0    3    2    0    3    2    2    3    2    0    3    3    2    2    3    2    3    2    1    3    3    3    2    3    3    3    2    2    3    2    3    3    3    3    0    1    3    3    2    3    3    0    2    2    1    0    3    3    2    3    3    2    2    3    3    3    0 
[ 72]   0    3    3    3    0    1    2    2    2    2    3    2    0    3    2    0    3    3    3    0    2    0    2    3    2    3    1    3    3    3    3    3    2    2    2    3    3    1    3    3    2    2    2    1    2    2    3    3    2    2    3    3    2    2    3    3    2    1    3    3    2    1    3    2    2    2    2    3    2    3    1    3    2    3    3    2    2    3    3    2    2    3    3    2    1    1    3    0    2    1    1    3    3    3    2    1    1    2    2    1    2    3    1    3    2    3    2    1    3    2    2    1    2    1    3    3    3    1    3    3    3    3    2    3    3    3    3    0 
[ 73]   0    3    3    1    3    2    3    3    2    2    1    3    3    2    3    3    2    3    1    3    2    3    1    3    2    1    1    3    1    3    1    3    1    1    3    2    1    3    3    1    0    3    0    2    3    3    3    2    2    2    1    3    3    2    2    2    3    1    0    3    3    2    3    3    3    3    1    3    3    2    3    2    3    2    2    2    3    3    1    2    2    2    3    3    2    3    3    3    3    3    2    1    2    2    2    3    1    3    1    2    3    2    1    1    2    3    2    1    1    2    3    2    2    1    3    0    2    3    3    0    2    3    3    0    2    3    3    0 
[ 74]   0    2    0    2    0    3    2    0    3    0    3    1    2    2    3    3    3    2    3    1    2    3    1    2    3    3    2    2    2    2    2    2    0    3    3    2    1    3    2    3    2    2    3    3    0    2    2    2    1    0    1    3    2    0    1    1    1    2    3    3    3    3    0    3    2    2    2    3    3    3    2    0    3    2    2    1    2    3    1    0    1    2    2    3    1    3    1    3    1    0    1    1    2    2    2    3    3    3    3    3    2    1    2    3    3    2    3    2    2    2    1    2    3    3    0    3    3    3    2    3    3    1    3    3    2    0    2    0 
[ 75]   0    3    3    1    3    2    3    3    2    2    1    1    2    2    3    2    0    2    3    2    3    2    3    1    3    1    2    3    1    3    1    2    3    0    2    2    3    2    3    2    3    2    3    2    2    3    2    2    1    3    3    2    2    3    2    3    3    3    3    2    3    3    2    2    1    1    3    3    3    2    3    3    2    2    1    0    3    2    3    3    1    3    3    1    2    2    1    3    1    2    3    3    3    2    1    1    1    3    1    3    1    2    2    1    3    2    1    2    3    3    2    2    1    3    3    1    3    3    2    2    1    3    3    0    2    3    3    0 
[ 76]   0    3    3    3    1    2    3    3    3    3    3    2    3    3    2    3    3    1    3    2    1    2    3    2    2    2    3    2    2    3    3    2    3    3    3    2    3    3    2    3    2    3    1    3    3    3    1    3    1    3    2    2    2    1    3    3    2    2    1    3    2    1    2    2    2    0    3    1    2    3    1    2    2    3    2    3    2    2    2    3    2    0    3    3    1    1    3    1    2    3    3    0    2    2    1    3    1    3    3    3    2    1    3    2    2    3    2    2    1    3    3    3    2    3    0    2    1    3    2    2    1    3    2    3    3    3    3    0 
[ 77]   0    3    3    3    1    2    3    3    3    2    0    3    2    0    2    3    3    1    3    0    1    2    3    0    3    3    2    3    3    2    1    2    1    1    2    3    2    0    1    1    3    3    3    1    3    2    0    3    1    2    1    1    1    0    3    2    3    2    2    3    2    3    2    0    3    3    2    3    2    3    3    2    3    3    3    2    2    2    2    3    3    1    3    2    2    1    1    3    3    1    1    2    2    0    3    3    2    2    1    2    3    2    2    3    3    2    3    3    2    3    0    2    1    1    2    2    1    1    2    3    3    1    2    3    3    3    3    0 
[ 78]   0    3    3    1    3    3    3    2    0    2    3    2    3    3    1    3    2    3    2    1    2    3    2    2    1    1    2    3    1    1    2    2    3    1    2    3    3    1    2    2    2    2    2    3    2    1    3    2    3    1    2    3    3    2    2    3    1    1    3    1    3    1    1    3    3    1    3    2    3    2    0    3    3    1    1    3    2    2    2    1    3    3    3    3    1    3    1    2    2    3    3    3    3    2    0    2    3    2    2    1    1    2    2    1    3    2    1    3    2    2    3    2    3    3    3    3    2    2    2    0    2    3    2    0    2    3    3    0 
[ 79]   0    2    0    2    2    0    3    3    3    2    0    2    3    3    1    3    0    3    3    1    2    2    3    3    2    0    3    3    3    1    3    1    2    2    2    3    1    3    3    3    1    1    3    2    0    3    3    1    2    3    3    1    1    3    3    1    3    3    3    1    0    3    2    1    1    1    1    1    2    3    2    2    2    2    0    3    3    3    1    2    1    0    3    3    1    3    3    2    3    1    3    3    3    2    3    2    2    1    3    1    2    1    3    2    2    3    2    2    3    3    3    2    0    2    3    3    2    2    1    3    3    3    0    2    2    0    2    0 
[ 80]   0    3    3    2    0    2    2    3    3    3    3    1    3    2    3    2    2    1    1    3    3    1    3    2    3    3    2    1    1    1    2    3    2    3    1    1    3    3    3    2    3    3    3    2    2    3    3    1    2    1    3    3    1    3    2    1    2    0    3    3    2    2    3    3    1    3    3    2    1    2    3    0    2    2    1    1    2    3    3    1    2    3    2    3    2    2    1    2    2    3    1    3    3    3    0    3    2    3    3    0    3    2    2    3    3    1    1    1    0    2    3    0    2    2    1    3    3    3    2    3    3    2    3    3    1    3    3    0 
[ 81]   0    3    3    3    3    2    0    3    3    3    3    1    3    0    3    3    3    3    3    3    1    1    3    0    3    3    1    2    1    2    3    0    3    3    3    1    2    2    2    1    0    2    2    3    3    3    3    2    1    0    2    3    1    3    3    0    2    2    1    2    1    2    2    3    3    3    2    3    2    3    2    3    3    2    2    3    0    1    3    0    3    2    1    2    3    2    3    3    1    3    3    1    3    3    2    3    3    1    0    3    3    3    3    1    1    2    3    3    2    3    0    3    3    3    2    3    0    2    1    3    3    2    2    1    3    3    3    0 
[ 82]   0    3    3    3    3    3    3    2    3    3    1    3    2    3    2    3    3    2    0    3    2    2    3    3    2    2    2    3    0    3    3    2    2    2    3    3    3    3    3    2    1    3    1    3    3    2    2    3    3    1    1    3    2    2    1    3    3    3    3    2    3    3    1    3    2    3    2    0    2    2    3    3    3    3    2    3    3    3    3    3    2    1    2    3    1    1    0    2    1    3    3    3    1    3    3    3    3    3    2    1    1    3    2    3    3    3    2    3    2    2    3    1    3    3    2    2    2    0    2    1    3    2    2    1    3    3    3    0 
[ 83]   0    3    3    3    3    3    3    3    3    1    2    0    3    0    2    3    2    3    3    2    2    2    2    3    3    2    3    3    3    2    1    0    3    3    0    3    2    3    3    2    3    1    1    3    3    0    2    3    1    3    2    3    3    1    3    3    2    2    1    3    3    0    3    1    3    1    3    3    3    2    1    2    2    3    3    1    3    2    3    3    3    2    3    2    3    3    2    3    1    3    3    3    2    0    3    1    1    3    1    3    3    3    3    2    3    3    0    3    2    2    1    3    2    3    2    0    2    3    3    2    1    2    2    3    1    3    3    0 
[ 84]   0    3    3    3    3    3    2    0    3    2    3    3    2    2    0    3    0    3    3    3    3    2    0    3    3    0    3    1    3    2    3    2    3    3    2    3    3    0    2    3    1    3    1    3    2    2    2    1    2    2    0    3    1    3    2    3    2    3    3    3    0    2    1    3    3    3    3    0    3    0    2    2    1    2    1    2    1    2    1    1    2    3    1    3    0    2    1    3    3    3    2    0    3    2    1    3    3    3    2    1    3    1    3    0    3    2    3    3    3    3    2    3    0    3    1    3    3    3    3    0    3    0    3    0    2    0    2    0 
[ 85]   0    3    3    3    2    0    2    2    2    2    3    3    3    3    3    0    2    2    3    3    2    3    3    2    2    2    0    3    1    0    3    2    2    2    3    3    3    3    3    3    1    3    3    3    0    3    2    1    3    0    3    3    3    0    2    3    1    3    3    3    3    2    2    1    3    3    0    3    2    1    2    3    1    3    3    2    1    1    3    3    2    2    1    3    2    0    3    3    2    3    3    3    3    2    3    2    3    1    0    3    0    3    0    2    2    3    3    1    3    3    2    2    3    2    1    3    3    3    2    3    3    3    3    3    1    3    3    0 
[ 86]   0    3    2    0    2    2    0    3    0    2    3    3    3    3    1    3    2    0    3    3    0    3    3    3    1    3    2    3    3    2    3    3    2    3    1    1    3    1    1    2    2    3    2    3    2    3    2    3    3    1    3    1    3    2    3    2    2    3    0    2    3    2    2    3    3    1    2    3    1    2    2    2    3    3    1    1    3    1    1    3    1    3    0    2    1    3    0    2    3    2    1    1    3    0    1    3    3    3    2    2    1    2    2    3    3    1    1    3    2    3    2    2    0    2    3    2    3    3    2    2    0    3    0    2    3    3    3    0 
[ 87]   0    2    3    3    1    3    3    2    2    0    3    3    3    2    3    1    2    2    1    1    2    2    3    2    3    1    1    1    3    2    2    3    0    2    3    3    3    1    3    2    3    0    3    3    3    3    3    1    2    3    2    3    1    2    3    0    3    3    3    0    2    3    3    3    1    1    2    3    3    3    3    3    0    3    3    3    1    3    2    2    2    3    2    3    3    3    2    2    3    2    3    1    3    2    3    2    2    3    0    3    2    3    0    3    1    2    2    3    0    3    2    1    3    3    3    0    3    3    2    0    2    2    3    3    3    3    3    0 
[ 88]   0    0    3    3    3    1    3    3    3    3    2    3    3    0    3    2    3    3    3    3    2    0    3    0    3    2    2    2    2    2    0    2    3    1    1    3    2    2    2    3    0    3    2    2    3    1    1    3    0    2    2    3    1    3    3    3    3    2    1    2    2    2    1    2    3    3    3    0    3    0    2    2    2    3    1    1    2    3    2    3    2    1    1    1    3    2    3    3    0    3    2    2    2    2    2    3    1    2    3    2    2    2    2    0    3    0    2    2    3    3    3    2    3    3    2    2    2    3    1    3    3    3    3    3    3    3    3    0 
[ 89]   0    2    1    2    2    2    0    2    2    2    2    3    2    2    2    2    3    3    3    2    3    3    1    3    3    3    3    3    1    1    3    1    1    2    3    3    3    1    3    0    3    2    3    1    2    2    2    2    3    3    1    0    1    3    1    2    2    1    2    3    2    0    3    2    2    2    3    3    2    1    3    1    1    3    0    2    3    1    3    1    3    3    3    3    3    3    2    2    3    0    3    1    3    3    1    2    2    3    2    3    3    2    3    2    3    3    1    3    3    1    3    2    3    3    0    3    0    3    1    3    3    3    3    3    3    3    3    0 
[ 90]   0    2    2    3    3    3    3    1    2    2    2    3    0    3    0    2    3    3    3    0    3    3    2    3    2    3    3    2    2    2    2    3    3    3    1    1    3    1    0    3    2    3    2    2    2    3    3    3    3    1    3    1    3    3    2    0    2    3    3    0    3    3    2    2    2    2    3    1    3    2    3    3    1    2    1    3    3    1    3    3    1    3    3    3    2    3    1    3    2    3    0    1    3    1    1    1    2    3    0    3    3    0    3    2    1    3    3    1    1    3    1    2    3    2    3    3    3    3    3    1    3    3    3    3    3    3    3    0 
[ 91]   0    2    2    3    3    3    3    2    3    3    3    3    3    2    2    0    3    3    2    2    2    3    2    3    0    3    3    0    2    3    3    2    3    2    3    3    3    2    1    1    2    2    3    2    0    3    3    3    1    3    3    2    2    2    1    3    3    3    3    2    2    3    1    3    3    3    2    2    2    3    3    3    3    1    1    3    0    2    3    3    3    1    3    3    0    3    1    1    2    1    1    2    3    3    2    0    3    3    3    2    2    2    1    0    3    2    3    2    2    2    3    0    3    2    2    0    3    0    2    3    1    3    3    3    3    3    3    0 
[ 92]   0    2    2    3    3    3    3    2    3    3    3    1    3    3    3    3    2    3    0    3    0    3    2    2    3    2    2    3    3    1    3    0    3    2    1    3    2    3    3    3    3    0    1    3    3    2    3    1    3    3    3    3    1    1    2    3    3    3    3    1    3    2    1    1    3    2    3    1    3    2    3    3    3    2    2    3    2    2    3    3    3    3    1    2    3    3    3    3    2    3    3    3    2    2    3    3    2    2    3    3    1    3    3    1    3    0    3    2    2    0    3    2    1    1    0    2    2    3    3    1    3    2    3    3    3    3    3    0 
[ 93]   0    2    2    3    3    3    3    2    3    3    1    3    1    2    2    2    2    2    3    3    3    2    2    2    1    3    3    3    2    3    0    2    2    3    2    2    3    3    1    3    2    3    2    1    2    2    1    3    3    3    2    2    3    2    0    3    3    2    0    2    3    2    3    3    3    1    2    2    3    3    0    2    3    2    2    2    2    0    2    2    3    3    3    0    2    2    0    2    2    3    1    3    2    0    3    3    2    0    3    2    3    1    1    3    3    3    2    2    1    3    3    3    3    3    2    3    3    3    1    3    3    0    3    3    3    3    3    0 
[ 94]   0    2    2    3    3    3    3    2    3    2    3    1    2    3    3    3    3    3    3    2    3    3    3    3    2    1    3    3    0    3    1    3    3    1    2    2    1    3    1    1    2    3    3    2    2    0    3    3    2    0    3    3    0    3    3    2    2    3    3    1    0    3    2    3    0    2    2    3    1    3    3    3    2    2    2    1    1    3    0    3    0    2    3    3    1    3    1    3    2    1    1    2    3    3    2    2    3    3    2    0    3    2    2    3    2    3    3    3    2    3    1    3    3    3    2    3    3    1    3    3    1    2    1    3    3    3    3    0 
[ 95]   0    2    2    3    3    3    3    2    3    0    3    3    0    3    3    3    3    3    3    0    3    3    3    3    0    3    1    1    2    2    3    1    1    3    0    2    1    1    1    2    3    3    1    2    3    3    3    1    2    2    3    3    1    2    3    2    0    2    0    3    3    1    1    3    3    2    2    3    1    3    3    3    1    3    3    1    3    3    2    2    3    3    3    1    3    2    3    2    3    2    1    0    3    3    2    0    3    3    2    3    2    2    2    3    0    3    3    3    2    1    3    1    3    3    2    3    1    3    3    2    3    0    3    2    3    3    3    0 
[ 96]   0    2    2    3    3    3    3    2    1    2    1    3    2    2    3    3    3    3    2    2    2    3    3    2    3    2    3    3    3    3    2    2    2    2    3    2    3    3    2    2    1    3    1    2    3    2    3    1    2    3    2    0    3    1    2    3    2    2    3    3    0    1    3    3    0    3    1    1    3    3    1    3    1    1    3    1    1    2    3    2    2    3    3    1    3    3    3    2    1    2    2    3    2    2    3    3    2    3    0    3    3    3    3    2    3    2    3    3    0    3    2    3    1    2    1    1    3    3    3    0    3    3    3    0    3    3    3    0 
[ 97]   0    2    2    3    3    3    3    0    3    0    3    2    3    0    3    3    3    3    0    3    0    3    3    2    0    3    0    2    3    3    0    2    3    3    3    2    1    3    3    3    2    2    3    2    1    3    1    3    2    3    2    2    2    2    1    3    0    2    3    2    3    2    3    2    2    2    3    1    0    3    2    2    2    3    3    3    3    2    2    1    3    1    3    3    3    1    3    3    2    3    3    3    2    0    3    3    3    2    2    1    2    2    0    3    0    2    3    2    3    3    0    3    2    3    2    2    3    3    2    2    3    0    3    2    2    3    3    0 
[ 98]   0    2    2    3    3    3    2    2    2    3    3    0    3    2    2    3    3    2    2    2    2    2    3    0    2    2    3    3    1    1    2    2    1    3    3    2    1    2    0    2    2    3    3    2    1    3    3    0    2    0    3    1    3    1    2    3    1    3    2    3    3    2    3    0    3    0    3    2    3    2    0    2    2    1    3    1    3    1    2    3    3    0    2    1    2    0    2    0    3    2    0    3    3    3    2    2    0    2    2    2    3    2    3    2    2    0    3    2    0    3    3    2    2    3    2    2    3    3    0    3    2    2    2    3    0    3    3    0 
[ 99]   0    2    2    3    3    3    0    3    2    0    3    3    2    3    0    3    3    0    3    0    3    0    2    3    3    3    3    2    2    2    2    2    1    1    3    3    2    3    1    2    1    0    2    2    3    3    1    2    3    2    1    2    3    3    3    1    3    2    2    1    3    2    2    3    3    3    2    2    3    1    1    3    1    2    3    3    3    2    1    1    0    3    1    3    1    3    2    3    2    3    3    2    3    2    0    3    3    1    2    2    3    0    3    3    3    3    2    1    3    3    0    2    2    3    2    2    3    2    3    3    0    3    0    3    3    2    3    0 
[100]   0    2    2    3    3    2    3    3    0    2    3    0    2    3    2    1    1    2    2    3    3    3    1    3    3    3    3    0    2    3    3    3    2    2    3    0    1    3    1    3    2    1    3    3    3    3    1    3    1    3    1    3    2    1    3    0    3    1    3    2    2    3    3    3    2    3    3    3    2    2    2    2    2    3    2    1    2    3    1    2    3    3    1    3    3    0    1    2    2    3    3    2    1    3    3    2    3    2    3    3    2    3    2    3    3    3    3    1    0    3    2    0    2    3    2    2    3    2    0    3    3    2    3    3    0    2    3    0 
[101]   0    2    2    3    3    2    0    3    3    2    2    2    0    3    2    2    2    2    2    2    0    2    3    2    3    3    2    3    2    0    2    3    2    2    2    3    2    2    3    1    2    3    3    0    2    3    3    3    1    3    3    3    2    3    3    1    2    1    1    2    3    2    3    3    0    3    3    2    3    3    1    3    3    2    1    2    1    2    2    1    2    3    3    3    1    3    2    3    2    2    0    2    3    1    2    2    3    2    2    0    3    0    2    3    3    3    1    2    3    2    2    2    0    3    2    2    3    0    2    3    0    3    0    3    2    0    3    0 
[102]   0    2    2    3    3    0    2    3    0    3    0    2    3    2    2    2    2    2    2    1    3    3    3    0    3    3    2    0    2    3    3    2    3    3    3    3    2    2    1    3    2    2    1    2    3    3    2    3    3    3    2    2    3    2    2    2    2    3    3    3    1    0    3    2    3    2    3    0    3    1    1    3    1    1    2    2    3    2    2    3    2    3    2    3    3    0    2    0    2    3    3    1    3    1    2    2    3    0    3    3    2    2    0    3    3    2    3    0    3    3    3    3    3    2    2    2    2    3    3    2    3    2    3    2    2    3    2    0 
[103]   0    2    2    3    2    3    3    2    3    3    3    3    1    3    3    3    3    3    3    2    3    3    2    2    2    3    1    3    3    3    3    2    0    2    3    3    2    2    1    3    2    3    2    3    0    2    3    2    1    1    0    2    1    0    2    0    2    1    3    2    3    2    3    3    2    3    3    3    1    2    2    3    3    1    3    1    2    3    1    2    3    1    3    2    0    2    3    3    0    2    2    0    1    3    3    3    2    3    2    3    3    3    3    2    3    0    3    3    2    3    3    3    3    3    3    3    3    2    0    3    0    3    0    2    3    0    2    0 
[104]   0    2    2    3    2    2    0    3    2    0    3    0    2    0    2    3    3    3    3    2    3    3    0    3    0    3    1    3    3    3    3    0    2    2    1    3    2    3    3    1    3    0    1    3    3    3    3    2    1    2    3    3    2    3    3    2    2    3    3    3    1    1    1    3    0    3    2    3    0    3    3    3    2    2    3    3    2    3    3    2    3    1    3    3    3    2    3    1    3    3    1    3    3    3    2    0    3    0    2    3    3    3    3    3    2    3    3    0    2    3    3    3    3    3    3    3    1    3    3    3    3    2    2    0    3    2    0    0 
[105]   0    2    2    3    2    0    2    3    0    2    2    3    1    3    3    2    3    3    3    2    3    2    3    3    3    3    3    1    3    3    2    3    3    3    1    1    3    0    2    3    2    3    2    3    2    3    3    2    3    2    2    2    3    2    2    3    3    1    1    2    3    3    3    1    3    3    1    3    3    2    3    0    3    3    2    2    3    2    2    3    1    2    3    3    2    3    1    2    0    3    3    2    0    3    3    3    2    2    0    3    3    3    2    0    3    0    3    2    0    3    3    3    3    3    2    0    2    0    3    0    2    3    3    3    3    3    3    0 
[106]   0    2    2    3    0    2    2    2    3    3    3    1    3    3    3    0    3    3    3    2    3    2    2    0    3    0    2    3    1    3    2    2    2    1    3    2    2    3    3    3    2    2    1    3    3    0    2    3    2    1    1    3    2    1    3    2    3    3    3    1    1    3    2    2    3    0    3    0    3    3    3    1    2    2    3    1    2    3    1    2    1    3    2    0    3    3    1    2    2    1    3    3    3    2    3    3    3    3    3    2    3    1    3    3    3    3    2    3    3    2    3    3    3    2    3    3    1    3    3    3    2    0    2    3    0    2    2    0 
[107]   0    2    2    2    3    3    3    3    3    3    1    3    3    3    1    2    1    3    3    2    3    2    0    2    2    3    3    1    3    2    2    3    3    2    3    2    3    3    3    3    2    3    3    1    3    3    3    3    2    1    3    3    2    3    3    3    0    3    2    3    3    3    2    3    3    2    3    2    2    3    0    3    1    1    2    2    2    3    3    2    1    3    3    3    3    1    3    3    2    3    1    2    2    2    3    3    3    2    2    1    1    2    0    3    0    2    3    0    2    2    3    3    3    0    3    3    3    2    0    2    2    2    0    3    2    0    2    0 
[108]   0    2    2    2    2    2    2    2    2    1    3    3    3    1    3    0    3    2    3    2    3    0    2    2    2    2    1    3    3    0    3    0    2    1    3    3    0    2    3    3    3    0    2    3    3    2    3    3    2    3    3    3    3    1    1    2    1    3    3    2    3    1    0    3    2    2    1    0    3    3    2    3    3    1    2    3    1    2    2    3    0    2    2    2    3    3    2    0    3    3    1    2    2    1    2    2    0    3    0    3    0    3    3    2    2    0    3    2    0    2    3    3    1    2    1    3    3    3    3    1    3    3    3    2    2    2    0    0 
[109]   0    2    2    2    2    2    2    2    2    1    3    3    1    3    2    3    3    0    3    2    2    3    3    3    3    3    2    3    2    3    2    3    1    3    1    3    3    2    0    2    3    3    3    3    3    3    0    2    3    1    1    2    2    3    3    0    3    0    3    1    3    3    2    3    1    1    3    2    3    3    3    2    2    2    2    3    3    3    2    3    2    3    2    2    3    3    3    3    3    1    3    2    0    3    3    1    3    3    3    3    3    2    3    3    3    3    2    2    2    0    3    2    3    0    3    2    3    3    3    3    1    3    3    3    3    3    3    0 
[110]   0    3    3    3    3    3    3    3    3    3    1    1    3    3    2    0    3    3    2    3    3    3    3    3    3    3    2    3    2    0    3    0    2    1    3    3    0    2    3    3    3    2    2    3    3    3    2    1    0    3    3    0    3    2    3    2    3    2    3    2    0    3    2    1    3    3    3    3    2    1    1    3    2    3    1    2    3    0    3    3    3    0    3    1    2    2    2    2    3    3    1    3    3    3    1    3    2    0    3    0    2    2    3    3    3    3    3    3    3    3    2    0    3    3    3    0    3    3    3    3    3    1    2    2    2    2    2    0 
[111]   0    0    2    3    3    3    3    3    3    3    2    2    3    3    0    2    3    0    3    0    2    3    3    3    3    3    2    3    0    2    2    3    3    1    2    1    3    3    3    3    3    2    3    0    2    2    1    3    2    0    2    2    3    3    0    2    3    3    3    2    2    3    3    0    1    3    1    1    1    3    3    3    1    2    2    2    3    2    2    2    0    3    1    3    3    2    2    1    2    2    2    0    2    3    3    1    3    3    2    2    0    2    3    3    3    3    3    3    3    2    0    2    3    0    3    3    2    3    3    3    3    1    2    2    2    2    2    0 
[112]   0    3    2    0    2    3    3    3    3    3    2    2    3    2    3    3    2    3    3    3    3    1    3    3    3    3    2    2    3    3    3    3    1    3    3    3    0    2    2    3    3    2    3    2    0    2    3    3    2    3    2    1    3    3    2    3    0    3    2    1    3    3    3    2    3    1    3    1    3    2    3    0    2    2    3    1    2    1    3    0    2    3    3    2    0    3    0    3    3    3    3    3    1    3    3    3    1    2    2    2    2    0    3    3    3    3    3    3    1    3    3    3    2    3    3    0    2    3    3    3    1    3    3    3    3    3    3    0 
[113]   0    0    2    3    2    0    2    3    3    3    2    2    3    2    2    0    3    2    0    3    0    2    0    2    3    3    2    2    2    2    2    1    3    3    3    3    2    0    3    0    2    1    3    2    3    3    3    3    3    0    3    2    0    2    3    3    2    3    2    2    2    2    2    2    2    2    0    3    0    3    3    2    1    1    3    3    3    1    3    2    2    3    3    3    3    2    2    3    3    3    2    2    1    3    3    3    2    3    3    3    3    3    2    3    3    3    2    0    2    0    3    0    3    0    3    2    0    3    3    1    3    3    3    3    3    2    0    0 
[114]   0    3    2    0    2    3    3    1    3    3    2    2    3    2    0    2    3    0    2    2    3    1    3    3    2    3    2    2    2    2    2    1    3    3    3    3    2    3    2    3    1    3    1    3    2    2    2    3    3    2    3    2    3    2    2    3    3    3    2    3    1    1    1    3    2    2    2    3    2    3    3    2    3    3    0    3    0    2    3    3    1    2    2    2    1    1    3    3    2    0    3    2    0    2    2    2    1    2    2    2    2    2    2    3    3    2    3    3    1    3    3    3    3    3    2    2    2    1    1    3    3    3    3    2    0    2    3    0 
[115]   0    0    2    3    3    3    1    3    2    3    2    2    3    0    2    2    2    3    3    3    1    3    3    3    0    3    2    3    3    3    3    3    1    3    3    3    3    0    3    0    2    0    2    2    1    2    3    0    2    3    3    3    0    3    3    0    3    2    1    2    3    2    3    3    1    1    3    3    3    3    2    1    3    0    3    1    2    2    3    3    3    3    2    0    3    3    2    0    2    3    3    0    2    3    3    3    1    2    2    2    2    2    2    3    3    0    3    3    3    2    0    3    0    2    2    2    2    2    2    3    3    2    0    2    3    2    0    0 
[116]   0    3    3    3    3    1    3    3    0    3    2    2    2    3    3    3    3    3    3    1    3    3    3    2    2    2    3    0    2    2    3    3    3    1    3    3    3    2    2    2    1    3    3    3    3    0    3    3    3    3    3    3    2    3    3    2    3    1    0    3    2    1    3    0    2    3    2    2    3    0    3    0    3    2    3    3    1    1    2    2    3    0    2    2    3    3    3    3    2    0    3    3    2    3    3    1    3    3    3    3    3    3    2    3    1    2    1    3    3    3    3    2    2    0    2    2    2    2    2    3    2    3    3    2    0    2    3    0 
[117]   0    2    2    2    1    3    3    2    2    2    2    2    2    2    2    2    2    2    1    3    3    3    3    0    3    0    3    2    0    3    0    2    3    3    1    3    3    3    0    3    1    3    3    3    3    2    3    1    1    2    2    3    3    3    3    3    1    3    2    3    1    0    3    2    3    0    3    2    3    2    1    3    1    3    3    3    3    1    2    2    3    2    0    3    3    3    3    3    3    3    3    0    3    3    1    3    3    3    3    2    2    0    3    2    3    0    3    2    3    3    3    3    3    3    1    2    2    2    2    3    0    3    3    3    3    2    0    0 
[118]   0    2    2    2    1    3    3    0    3    0    2    3    3    3    3    3    3    3    2    3    3    3    2    2    2    2    2    2    3    2    3    2    0    2    3    1    3    3    2    3    2    0    2    2    3    3    1    3    3    0    3    0    3    2    2    3    3    3    3    1    3    2    1    3    3    2    3    1    2    1    3    3    3    3    2    2    2    2    2    1    2    1    2    3    3    2    2    2    1    1    3    2    3    1    3    3    3    2    0    3    0    2    3    0    3    3    3    0    3    3    3    3    3    3    1    2    2    2    2    2    2    2    3    3    3    3    3    0 
[119]   0    3    3    3    3    1    1    2    2    3    2    0    2    3    3    3    3    3    2    3    3    3    0    3    0    3    0    3    0    3    0    2    3    2    0    2    0    2    3    3    2    2    0    3    0    2    3    3    3    2    1    2    3    2    3    0    3    2    3    3    3    2    3    3    3    3    1    3    3    3    3    2    3    0    3    2    2    3    0    3    3    3    1    2    0    3    2    0    3    3    1    3    1    3    3    2    0    2    3    3    3    3    2    3    3    0    3    2    1    3    3    3    3    1    3    3    3    3    2    0    3    0    3    3    3    3    3    0 
[120]   0    0    2    3    3    2    2    2    2    0    2    3    3    1    3    3    3    3    2    3    3    2    3    2    3    3    3    3    3    3    3    3    1    3    3    1    3    3    3    3    2    3    3    3    3    3    2    2    2    1    3    1    2    1    3    2    3    3    0    3    1    0    3    2    1    1    2    1    1    3    0    3    3    2    3    1    1    3    2    3    3    3    3    1    3    3    0    2    3    3    3    1    3    3    1    3    3    3    2    0    3    0    3    0    3    2    2    2    3    1    3    3    1    3    3    3    2    0    2    3    2    3    2    3    3    2    0    0 
[121]   0    3    3    1    3    2    2    2    1    3    3    3    1    3    2    3    3    3    2    3    3    2    0    3    2    0    3    0    3    0    3    0    2    0    2    3    3    3    3    3    3    0    3    0    3    0    3    2    3    3    1    3    3    3    1    3    3    3    2    1    3    2    3    0    3    3    0    3    3    1    2    3    3    3    1    3    3    1    3    3    2    2    2    2    0    3    3    2    3    3    3    3    2    0    2    0    3    0    2    3    2    3    2    3    2    3    0    2    3    3    1    1    3    3    3    2    3    3    2    0    3    0    2    3    1    3    3    0 
[122]   0    2    1    3    2    2    2    2    1    3    3    1    3    3    0    3    3    3    2    3    3    0    2    3    0    2    2    3    3    3    3    3    1    3    3    3    3    3    3    3    3    2    2    2    2    2    3    3    0    2    3    2    2    3    3    3    2    2    1    3    3    3    1    2    3    3    2    3    3    3    1    2    2    3    3    3    2    2    2    0    3    2    2    2    3    3    0    3    3    3    3    3    3    3    1    3    3    3    2    0    3    0    3    0    2    3    2    0    3    3    2    2    3    3    3    0    3    3    3    3    2    2    0    1    3    1    2    0 
[123]   0    3    2    3    0    2    3    3    3    1    1    3    3    2    2    2    3    3    2    3    2    3    3    2    3    3    2    2    0    3    0    2    3    3    3    3    3    3    3    3    3    3    0    3    0    3    3    3    2    2    0    3    3    0    3    0    3    2    3    2    2    2    2    0    1    2    2    2    2    2    3    2    3    0    3    0    3    3    0    2    3    1    1    3    0    3    2    3    3    3    3    3    3    3    3    2    0    2    3    3    3    3    2    2    0    3    3    3    2    3    2    2    3    3    2    2    2    3    3    3    3    3    1    2    1    1    2    0 
[124]   0    1    2    2    3    3    1    3    3    2    2    3    3    0    3    0    3    3    2    3    2    2    0    3    2    0    3    0    2    2    3    3    3    3    3    3    3    3    3    3    3    3    2    2    2    3    3    3    3    0    2    3    3    2    2    2    3    3    0    3    1    1    2    2    3    0    3    2    2    3    0    3    3    2    2    2    3    3    2    2    1    3    3    1    2    1    3    3    3    3    3    3    3    3    3    3    3    2    0    3    0    2    2    3    3    3    0    2    2    3    2    2    3    3    0    3    0    3    3    3    3    1    3    1    2    2    3    0 
[125]   0    1    0    2    2    1    3    2    3    2    2    3    2    2    2    2    2    3    2    3    2    0    2    3    0    2    2    3    3    3    3    3    3    3    3    3    3    3    3    3    3    3    3    0    3    3    3    3    3    2    2    3    3    3    0    3    3    3    2    1    3    3    0    3    3    2    3    1    1    3    2    3    3    3    0    3    3    3    3    0    3    3    3    3    0    3    3    3    3    3    3    3    3    3    3    3    3    3    3    2    2    0    3    0    2    3    2    0    2    3    2    2    3    2    2    2    2    2    3    3    2    3    1    1    2    2    1    0 
[126]   0    2    1    1    3    2    3    0    3    2    2    3    0    3    0    3    0    3    2    3    0    2    2    2    3    3    3    3    3    3    3    3    3    3    3    3    3    3    3    3    3    3    3    2    3    3    3    3    3    3    1    2    2    2    1    2    2    2    1    3    3    3    2    3    3    3    1    3    3    1    3    3    3    3    2    3    3    3    3    2    3    3    3    3    2    3    3    3    3    3    3    3    3    3    3    3    3    3    3    3    3    3    2    2    0    3    2    2    0    3    2    2    3    0    3    0    3    0    3    3    0    3    2    2    3    1    2    0 
[127]   0    0    0    0    0    0    0    0    0    0    0    0    0    0    0    0    0    0    0    0    0    0    0    0    0    0    0    0    0    0    0    0    0    0    0    0    0    0    0    0    0    0    0    0    0    0    0    0    0    0    0    0    0    0    0    0    0    0    0    0    0    0    0    0    0    0    0    0    0    0    0    0    0    0    0    0    0    0    0    0    0    0    0    0    0    0    0    0    0    0    0    0    0    0    0    0    0    0    0    0    0    0    0    0    0    0    0    0    0    0    0    0    0    0    0    0    0    0    0    0    0    0    0    0    0    0    0    0 
     [  0][  1][  2][  3][  4][  5][  6][  7][  8][  9][ 10][ 11][ 12][ 13][ 14][ 15][ 16][ 17][ 18][ 19][ 20][ 21][ 22][ 23][ 24][ 25][ 26][ 27][ 28][ 29][ 30][ 31][ 32][ 33][ 34][ 35][ 36][ 37][ 38][ 39][ 40][ 41][ 42][ 43][ 44][ 45][ 46][ 47][ 48][ 49][ 50][ 51][ 52][ 53][ 54][ 55][ 56][ 57][ 58][ 59][ 60][ 61][ 62][ 63][ 64][ 65][ 66][ 67][ 68][ 69][ 70][ 71][ 72][ 73][ 74][ 75][ 76][ 77][ 78][ 79][ 80][ 81][ 82][ 83][ 84][ 85][ 86][ 87][ 88][ 89][ 90][ 91][ 92][ 93][ 94][ 95][ 96][ 97][ 98][ 99][100][101][102][103][104][105][106][107][108][109][110][111][112][113][114][115][116][117][118][119][120][121][122][123][124][125][126][127]
