Centered Case
Sequential expander Algorithm | 4 lines each loop turn
Algorithm time = 500.975ms 
[  0]   0    0    0    0    0    0    0    0    0    0    0    0    0    0    0    0    0    0    0    0    0    0    0    0    0    0    0    0    0    0    0    0    0    0    0    0    0    0    0    0    0    0    0    0    0    0    0    0    0    0    0    0    0    0    0    0    0    0    0    0    0    0    0    0    0    0    0    0    0    0    0    0    0    0    0    0    0    0    0    0    0    0    0    0    0    0    0    0    0    0    0    0    0    0    0    0    0    0    0    0    0    0    0    0    0    0    0    0    0    0    0    0    0    0    0    0    0    0    0    0    0    0    0    0    0    0    0    0 
[  1]   0    0    2    1    3    2    3    0    3    0    3    3    0    2    3    0    3    2    0    3    2    2    2    2    2    2    2    2    2    2    2    2    2    2    2    2    2    2    0    3    0    2    3    3    3    3    3    3    1    3    3    3    3    1    3    3    3    3    1    2    2    1    3    3    3    3    1    3    3    1    3    3    3    3    2    3    3    3    3    2    3    3    3    3    3    3    1    2    2    2    2    2    2    2    2    2    2    2    2    2    2    2    2    2    2    2    2    2    0    3    3    0    3    0    3    0    3    2    3    0    3    2    3    1    2    1    0    0 
[  2]   0    2    2    3    3    2    3    2    2    2    3    3    2    0    3    3    3    0    2    3    2    2    2    2    2    2    2    2    2    2    2    2    2    2    2    2    2    0    2    2    3    3    1    3    3    3    3    2    3    1    3    3    1    3    1    3    3    1    2    3    3    2    1    3    3    1    3    1    1    3    2    3    3    3    0    3    3    3    3    0    3    3    3    3    3    1    2    3    3    3    3    3    3    3    3    3    3    3    3    3    3    3    3    3    2    2    2    0    2    3    3    2    2    2    2    2    3    2    3    2    3    1    2    2    1    3    0    0 
[  3]   0    1    3    2    2    1    3    3    0    3    3    3    2    3    3    0    3    3    2    3    2    2    2    2    2    2    2    2    2    2    2    2    2    2    2    2    1    3    3    3    3    1    3    1    3    3    3    0    3    3    1    1    3    2    3    1    1    3    0    3    3    0    3    1    1    3    2    2    2    3    0    3    3    1    2    1    3    3    1    2    2    3    3    3    2    3    0    3    3    3    3    3    3    3    3    3    3    3    3    3    3    2    2    0    3    2    0    2    2    3    3    3    0    3    0    3    3    2    3    3    1    3    2    2    3    5    0    0 
[  4]   0    3    3    2    2    2    0    2    2    3    3    3    3    0    3    3    3    0    3    3    2    2    2    2    2    2    2    2    2    2    2    2    2    2    2    2    1    3    3    3    1    3    2    3    1    2    1    2    2    3    2    2    3    0    3    2    2    2    3    2    2    3    2    2    2    3    0    2    2    2    2    1    1    3    0    3    1    1    3    2    0    3    3    3    0    3    3    2    3    3    3    3    3    3    3    3    3    3    3    2    0    3    0    2    3    0    2    2    2    3    3    3    2    2    2    3    3    1    2    2    2    0    3    1    2    8    0    0 
[  5]   0    2    2    1    2    2    3    3    2    3    3    3    3    2    3    0    3    2    3    3    2    2    2    3    3    3    3    3    3    3    3    3    3    3    3    3    3    1    2    1    3    3    0    3    2    3    2    2    0    3    2    2    2    3    3    3    3    3    1    3    3    1    3    3    3    3    3    1    2    1    3    3    3    3    3    2    2    2    3    0    2    2    3    2    3    3    0    2    3    3    3    3    3    3    3    3    3    2    0    2    3    3    3    3    3    3    3    3    2    3    3    3    3    0    3    3    1    3    3    3    3    2    1    3    3   11    0    0 
[  6]   0    3    3    3    0    3    2    2    1    3    3    3    3    3    1    2    1    3    3    3    2    2    3    0    2    2    2    3    3    3    3    3    3    3    3    3    3    2    3    2    3    2    2    2    2    3    2    0    2    2    3    3    3    3    1    3    3    1    3    1    1    3    2    3    3    2    3    2    3    2    1    3    3    1    3    3    3    3    3    3    2    0    3    2    0    3    2    0    3    3    3    3    3    3    3    2    0    2    3    3    2    0    3    2    0    3    2    0    3    3    3    3    3    2    3    1    3    3    2    2    0    3    3    2    0   15    0    0 
[  7]   0    0    2    3    2    3    2    2    2    0    2    2    3    3    3    0    3    3    3    3    2    2    3    2    0    2    3    0    2    2    3    3    3    3    3    3    3    2    3    2    3    0    3    0    2    3    1    3    3    3    1    3    3    1    3    1    1    3    2    2    2    3    0    3    3    0    3    2    3    0    3    1    1    3    2    3    3    3    2    3    3    3    2    0    2    2    2    3    2    3    3    3    3    3    1    3    3    3    2    0    2    3    3    0    2    3    0    2    3    3    3    3    3    3    1    3    2    0    3    0    2    3    3    3    3   18    0    0 
[  8]   0    3    2    0    2    2    1    2    2    2    0    3    0    2    3    2    3    3    3    3    2    2    3    2    2    0    3    2    0    3    0    2    3    3    3    3    3    2    3    2    2    2    2    2    0    3    1    3    3    1    3    1    1    3    2    2    2    3    0    2    2    2    3    2    2    3    2    2    2    3    2    2    2    3    0    3    3    3    0    3    3    3    2    3    2    0    3    0    2    3    3    3    2    0    2    0    3    0    2    3    2    0    3    3    2    2    3    2    3    3    3    3    3    3    3    1    2    2    2    2    2    3    3    3    3   22    0    0 
[  9]   0    0    2    3    3    3    3    0    2    2    3    3    3    3    1    3    3    3    3    3    2    2    3    2    3    3    2    3    3    3    3    2    0    2    3    3    3    2    3    2    0    3    0    2    3    3    3    1    1    3    2    2    2    3    0    2    2    2    3    1    3    3    1    3    3    1    3    3    3    2    3    3    3    3    3    2    3    2    2    2    3    3    0    3    3    3    2    2    0    3    3    2    3    3    1    3    3    3    2    0    2    3    3    0    3    2    0    3    3    3    3    3    3    3    3    1    2    3    0    3    2    3    3    2    0   27    0    0 
[ 10]   0    3    3    3    3    3    3    2    0    3    2    0    3    0    2    2    2    2    2    2    1    2    3    3    0    2    3    0    3    0    2    3    3    3    1    3    3    2    3    0    2    2    3    3    3    2    3    2    2    3    0    2    2    2    3    2    3    3    2    3    1    1    3    1    1    3    2    3    3    0    3    3    3    1    2    2    3    0    3    0    3    2    2    2    3    3    3    3    3    2    3    0    3    3    3    2    0    2    3    3    2    0    3    3    3    0    2    3    3    3    3    3    2    2    0    2    2    3    2    3    1    2    0    2    3   31    0    0 
[ 11]   0    3    3    3    3    3    3    2    3    3    0    2    2    3    3    3    3    3    3    3    3    0    3    3    2    0    3    3    2    3    2    0    3    0    2    0    2    2    2    3    3    3    3    3    3    0    3    2    2    2    3    2    3    3    3    0    3    3    0    3    2    2    2    2    2    3    0    3    2    3    2    3    1    2    3    3    3    3    2    2    1    0    3    0    3    3    3    3    3    3    2    2    2    3    3    3    3    2    0    2    3    3    3    0    3    2    2    3    3    3    2    0    3    0    2    2    2    3    3    1    3    1    3    2    0   36    0    0 
[ 12]   0    0    2    2    3    3    3    3    0    3    3    3    3    3    3    3    3    3    3    3    3    2    2    3    2    3    3    0    3    0    2    3    3    3    1    3    3    0    2    3    3    3    3    3    2    3    2    3    3    3    3    0    3    3    2    3    2    2    3    3    3    3    1    3    3    3    3    2    2    0    1    1    3    0    3    3    2    3    3    3    3    1    2    2    2    3    3    3    2    0    2    3    0    3    3    3    3    3    3    2    0    2    3    2    1    3    1    2    2    0    2    3    3    3    3    3    2    3    3    3    1    2    0    2    3   40    0    0 
[ 13]   0    2    0    3    0    2    3    3    2    3    1    1    2    2    2    3    3    3    3    3    3    3    0    3    3    0    3    3    3    3    3    2    0    2    3    3    2    3    2    0    2    3    3    3    2    0    3    0    2    2    1    2    2    3    2    0    2    2    2    1    2    1    3    2    3    1    3    3    1    2    3    3    3    3    2    3    0    3    3    3    1    2    0    3    0    2    2    0    2    2    0    3    2    1    2    2    2    2    2    2    2    0    3    2    3    1    3    3    1    3    2    2    0    3    2    0    3    3    3    3    2    3    3    2    0   45    0    0 
[ 14]   0    3    3    3    3    3    1    3    3    1    3    3    0    2    3    0    2    2    3    3    3    3    2    1    3    2    3    2    0    3    0    2    3    3    3    3    2    0    2    3    3    1    3    3    0    2    2    3    2    3    2    2    0    3    1    3    2    3    3    0    3    2    3    0    1    3    1    1    3    0    3    3    2    3    3    3    3    2    3    2    2    3    3    2    1    3    2    3    1    3    3    2    2    2    3    3    3    3    3    3    3    3    2    2    3    3    2    0    2    0    3    0    2    3    0    2    3    3    3    3    2    3    3    3    3   49    0    0 
[ 15]   0    0    3    0    3    0    2    0    2    3    3    3    2    0    3    2    0    3    0    2    2    2    1    3    1    3    3    0    2    2    3    3    3    3    3    3    0    2    2    2    1    3    2    2    3    3    3    3    0    3    2    1    3    3    2    3    0    3    2    3    3    3    3    2    3    3    3    3    3    3    2    3    0    3    3    1    2    2    3    0    2    3    3    3    1    3    0    3    3    1    2    2    2    2    3    3    3    3    3    3    3    3    2    2    3    3    3    3    1    3    3    3    3    2    3    2    3    3    3    3    1    2    2    2    2   54    0    0 
[ 16]   0    3    3    3    3    3    1    3    3    3    3    3    2    3    2    2    3    2    2    0    2    3    3    1    3    3    2    3    3    3    3    3    3    3    3    2    3    3    3    3    2    3    0    2    3    3    3    2    3    3    3    2    3    2    2    2    3    3    3    3    1    3    1    2    3    2    3    3    2    3    3    3    3    2    2    2    3    3    2    2    0    3    3    1    3    3    3    2    3    1    2    2    2    2    3    3    3    3    3    2    2    0    3    2    3    3    3    3    3    2    0    3    0    3    0    3    3    3    3    1    3    3    3    3    3   59    0    0 
[ 17]   0    2    0    3    0    2    3    3    3    3    3    3    3    0    2    3    0    2    2    3    2    0    2    3    3    3    2    2    3    3    3    3    3    3    3    2    2    2    2    2    1    1    2    2    0    2    3    2    2    0    2    2    3    0    2    3    3    1    3    2    3    0    3    0    3    0    3    3    0    3    3    1    2    2    0    2    3    2    3    3    3    2    2    3    2    0    1    1    1    3    3    3    3    2    3    3    3    2    0    3    0    2    3    2    3    3    3    3    3    3    3    2    2    2    2    3    3    3    1    3    3    3    2    2    0   65    0    0 
[ 18]   0    0    2    2    3    3    3    3    3    3    3    3    3    2    0    3    2    0    3    0    2    3    3    3    3    3    2    3    0    2    2    3    3    3    3    2    3    3    3    3    2    2    2    1    3    3    2    2    1    3    3    0    2    3    3    1    1    3    1    0    3    1    2    3    1    3    2    2    3    2    2    2    3    2    3    1    3    0    3    3    3    2    0    3    3    2    3    3    2    3    3    2    0    3    3    2    0    2    3    2    3    2    3    2    3    3    3    3    3    2    2    2    3    0    3    3    3    1    3    3    2    0    3    0    2   70    0    0 
[ 19]   0    3    3    3    3    3    3    3    3    3    3    3    3    2    2    2    2    3    2    3    3    3    3    3    3    3    2    3    2    0    3    0    2    3    3    3    0    2    3    3    2    3    3    2    3    3    0    2    2    3    2    3    1    3    2    2    2    2    3    2    3    2    3    1    1    1    3    3    1    2    1    2    3    0    3    2    3    3    2    3    2    3    3    2    3    1    2    0    3    2    0    2    3    3    1    3    3    2    0    3    0    3    3    1    2    2    2    2    0    3    2    2    3    2    3    3    1    3    2    0    2    3    3    3    3   75    0    0 
[ 20]   0    2    2    2    2    3    3    3    3    3    3    3    3    2    3    0    3    0    3    2    2    3    3    3    3    3    2    3    2    3    2    3    2    0    2    3    3    2    0    2    3    0    2    1    3    2    3    3    0    3    2    1    3    1    0    2    3    3    1    1    1    2    2    3    3    3    2    2    2    3    0    3    3    3    2    2    1    2    2    3    0    2    2    2    2    3    1    3    2    3    3    2    0    3    3    1    3    3    3    2    2    3    1    3    3    2    2    0    2    3    2    2    3    3    2    0    2    0    2    3    3    2    0    3    0   81    0    0 
[ 21]   0    2    2    2    3    0    2    2    2    3    3    3    3    2    3    2    2    2    3    2    3    0    2    2    2    2    1    3    3    0    3    0    2    3    3    3    0    2    3    3    2    3    1    3    2    2    2    1    2    2    3    2    2    3    2    3    2    2    3    3    3    2    3    2    3    2    3    2    3    3    3    2    2    3    3    1    2    3    3    2    1    3    3    2    0    3    3    1    2    3    3    3    3    2    3    3    1    2    2    2    3    1    3    2    0    3    0    2    2    3    2    2    3    3    3    3    1    3    3    2    0    2    3    2    3   86    0    0 
[ 22]   0    2    2    2    3    2    0    2    3    0    2    2    2    1    3    3    0    3    3    2    3    2    0    2    2    3    3    1    3    2    2    3    3    3    3    2    3    3    3    3    2    1    3    3    0    2    3    2    2    2    1    2    2    1    2    3    1    2    1    3    3    0    3    0    3    0    3    0    3    2    3    3    1    3    1    1    2    3    1    2    1    3    1    3    3    2    3    1    2    3    3    3    2    2    3    3    1    2    2    2    3    3    1    3    3    3    3    3    2    3    2    2    3    3    3    3    3    2    0    2    3    2    0    3    0   92    0    0 
[ 23]   0    2    2    2    3    2    2    0    3    2    0    2    3    3    1    3    2    3    3    2    3    2    2    0    3    0    2    3    1    3    2    3    3    3    3    2    2    3    3    3    2    1    2    1    2    2    1    2    3    3    2    1    3    2    0    3    0    3    2    2    3    3    1    3    1    3    1    3    2    1    3    1    1    2    2    2    3    2    2    3    1    2    3    1    2    2    1    3    3    3    2    0    3    1    2    0    2    2    2    2    3    3    3    1    3    0    3    0    3    3    2    2    3    3    3    3    3    3    3    2    0    2    3    2    3   97    0    0 
[ 24]   0    2    2    2    3    2    3    3    2    3    3    2    0    2    3    1    3    3    3    2    3    2    2    3    2    3    3    1    3    3    3    0    2    3    3    2    3    0    2    3    2    1    3    3    3    3    2    2    1    3    2    1    1    1    3    3    1    3    3    3    0    3    2    2    3    2    2    2    3    0    2    3    3    2    3    3    2    3    3    2    3    1    3    1    2    0    3    2    0    3    3    3    2    3    1    3    3    2    2    1    2    2    2    1    3    2    2    2    3    3    1    1    3    3    3    3    3    3    3    3    3    2    0    3    0  103    0    0 
[ 25]   0    2    2    2    3    3    0    2    3    0    2    2    3    2    0    2    2    2    2    1    2    1    3    0    3    2    1    3    3    3    3    2    2    0    2    1    3    3    3    1    2    3    3    0    2    3    3    3    2    2    3    3    3    0    3    2    3    0    3    2    1    3    3    3    0    3    3    1    2    1    3    1    1    2    3    1    2    3    1    2    3    1    2    3    1    2    1    2    2    1    2    2    2    3    3    2    0    3    0    3    3    3    3    1    3    3    0    3    3    1    3    3    0    1    1    1    1    2    2    2    3    3    3    3    3  108    0    0 
[ 26]   0    2    2    2    3    3    2    0    3    2    0    3    0    2    3    3    3    3    3    2    3    3    1    2    3    1    0    2    2    3    3    3    0    2    1    3    3    2    1    3    2    2    1    3    3    3    1    3    3    3    3    0    1    2    2    3    2    1    2    1    3    0    3    2    1    2    2    3    2    2    3    3    1    3    2    2    3    2    2    3    2    3    1    3    2    3    2    3    3    2    3    3    2    3    3    3    3    2    2    3    3    2    0    2    3    3    2    3    1    3    3    1    3    3    3    2    3    0    2    3    0    2    3    0    2  114    0    0 
[ 27]   0    2    2    2    3    3    2    3    2    2    3    2    3    3    2    2    2    2    2    1    2    3    3    1    1    3    2    0    3    0    2    3    2    2    1    3    3    2    1    3    2    3    3    0    2    3    1    2    0    2    2    3    1    3    3    2    1    2    2    3    3    2    3    2    3    2    3    0    3    3    2    1    1    2    3    3    2    3    2    1    2    3    1    3    1    0    3    2    0    3    2    0    3    3    3    2    2    2    3    2    0    2    3    2    3    3    3    1    3    2    0    2    2    2    0    3    3    2    0    3    2    0    3    2    0  120    0    0 
[ 28]   0    2    2    2    3    3    3    0    2    3    0    3    2    0    3    2    1    1    1    0    3    0    2    3    2    3    2    3    2    3    3    1    3    2    3    1    3    2    3    1    3    1    3    3    3    2    1    3    1    3    1    3    1    1    3    1    2    1    3    2    2    3    3    3    0    3    3    2    2    1    1    3    2    1    3    1    2    2    3    3    3    2    3    2    2    3    2    3    3    2    3    3    3    2    0    3    2    2    3    3    3    2    0    3    3    3    3    3    1    3    3    3    2    0    2    3    3    2    3    2    2    3    2    2    3  125    0    0 
[ 29]   0    2    2    2    3    3    3    2    0    3    3    3    0    2    3    0    3    2    3    3    3    3    3    3    2    3    3    0    3    2    1    3    3    3    0    2    1    3    1    3    3    1    3    3    3    1    3    2    3    2    2    2    2    3    3    3    2    2    2    1    3    2    2    2    1    2    2    0    1    3    3    0    3    3    3    3    3    0    2    0    3    3    3    2    1    2    1    2    2    1    2    2    3    3    3    3    1    1    2    2    2    2    2    3    3    3    3    2    2    0    3    0    2    3    2    3    3    3    0    2    3    0    2    3    0  131    0    0 
[ 30]   0    2    2    2    3    3    3    2    3    3    0    3    3    2    2    2    3    3    0    3    0    3    2    2    1    3    3    2    3    1    0    2    3    3    2    2    1    2    0    2    3    3    3    0    2    1    3    3    3    2    0    2    2    1    3    1    1    3    2    3    3    2    2    3    3    2    0    2    3    2    0    3    2    1    3    1    2    3    2    3    1    0    2    2    3    1    3    2    0    3    2    2    3    2    2    3    3    1    2    2    1    1    3    3    2    2    0    3    2    3    2    2    2    0    3    3    3    3    2    0    3    2    0    3    3  136    0    0 
[ 31]   0    2    2    2    3    3    3    3    0    3    3    3    0    3    0    3    3    3    2    2    2    3    2    2    2    0    2    3    1    3    2    2    0    2    3    2    1    3    3    3    3    2    1    3    3    1    2    0    3    3    1    3    1    2    3    3    0    2    3    2    3    2    3    0    2    2    3    2    3    3    3    3    2    3    3    2    1    3    2    1    2    1    3    3    3    1    3    3    2    1    3    1    0    3    2    3    3    3    2    0    3    3    2    0    3    0    2    3    3    0    2    3    0    2    3    3    3    3    2    3    2    2    3    3    0  142    0    0 
[ 32]   0    2    2    2    3    3    3    3    2    3    0    3    2    2    2    3    3    3    3    0    3    3    1    1    2    2    2    0    3    3    3    0    2    3    3    2    3    3    2    2    3    2    3    0    2    1    3    3    2    2    3    2    2    3    2    0    3    2    3    3    0    1    3    2    0    3    0    3    3    2    1    2    3    2    2    3    2    2    3    2    1    3    3    1    3    3    3    1    3    1    3    2    3    3    1    2    2    1    1    2    3    3    3    3    2    3    2    3    3    2    0    3    3    2    3    3    3    3    3    0    2    3    0    3    3  147    0    0 
[ 33]   0    2    2    2    3    3    3    3    3    1    2    1    3    0    3    3    3    3    3    2    3    1    3    3    0    3    0    3    0    2    3    2    3    0    2    3    2    2    1    3    1    3    1    3    3    1    3    3    2    0    3    3    3    2    1    1    2    3    1    3    3    2    2    3    3    3    3    3    0    1    2    1    2    1    3    2    3    3    2    2    1    3    3    1    3    2    3    1    3    3    3    1    2    3    3    2    0    3    3    1    2    2    2    2    3    0    3    3    3    2    3    3    0    3    3    3    3    3    3    2    0    3    3    3    0  153    0    0 
[ 34]   0    2    2    2    3    3    3    3    3    3    0    3    1    2    3    3    3    3    3    3    1    3    3    3    2    1    2    3    2    2    0    3    3    2    2    2    1    2    3    3    1    3    3    1    3    3    3    1    3    3    2    3    1    1    3    3    2    3    1    3    2    1    1    0    3    0    1    1    3    3    3    3    0    2    2    3    2    3    0    2    3    1    3    3    1    3    1    2    2    1    2    2    1    2    2    2    2    3    3    3    2    2    1    1    3    2    3    3    3    3    0    3    2    3    3    3    3    3    3    2    3    3    0    3    3  158    0    0 
[ 35]   0    2    2    2    3    3    3    3    3    3    2    1    3    1    2    2    2    2    2    3    3    3    2    2    1    3    2    3    3    0    3    0    2    3    2    2    3    2    2    3    3    3    2    0    2    2    3    3    1    3    3    3    3    3    3    2    3    1    3    2    3    3    3    2    3    2    3    3    3    0    2    3    2    2    3    1    0    2    3    3    1    3    3    0    2    2    0    1    2    3    2    2    3    2    1    1    2    2    1    1    3    0    3    3    1    3    3    3    3    3    2    1    3    3    3    3    3    3    3    3    0    3    3    3    0  164    0    0 
[ 36]   0    2    2    1    2    2    2    2    2    2    1    3    1    3    3    3    2    2    3    0    3    0    3    2    3    2    1    2    3    2    3    2    2    2    1    3    2    1    3    2    1    2    2    2    3    2    3    3    3    1    3    2    3    3    0    3    3    3    1    2    3    1    3    2    2    2    3    1    2    3    3    1    3    2    3    3    2    1    2    1    3    3    1    2    3    3    2    1    1    2    3    1    2    2    3    1    3    0    3    3    1    1    2    2    3    2    2    2    2    2    1    3    3    3    3    3    3    3    3    3    2    3    0    3    2  169    0    0 
[ 37]   0    2    0    3    3    3    3    3    3    3    3    1    3    2    2    0    3    2    3    2    2    2    3    3    0    3    1    3    0    2    3    3    2    2    2    2    1    2    3    2    3    2    1    2    0    3    3    3    3    3    1    0    3    2    2    3    3    3    2    3    2    2    2    3    2    3    2    1    0    2    1    3    3    1    2    3    0    2    3    2    3    1    3    3    0    2    3    1    3    2    3    3    2    1    2    2    3    2    3    2    1    3    2    3    0    3    2    2    2    2    3    2    2    2    2    3    3    3    3    3    3    1    2    1    3  174    0    0 
[ 38]   0    0    2    3    3    3    3    3    3    3    3    3    1    3    0    2    3    2    3    3    0    3    3    3    2    3    0    3    2    3    0    3    1    1    3    2    3    3    0    3    2    2    3    2    2    3    3    3    3    3    2    1    2    3    1    2    3    3    2    2    3    1    3    2    1    2    2    3    2    2    2    3    1    3    2    3    3    1    3    2    1    3    3    3    2    2    3    2    2    3    2    1    1    2    2    3    3    2    0    3    2    0    3    3    2    3    1    1    2    3    0    3    2    2    3    0    2    2    3    3    3    3    0    3    3  179    0    0 
[ 39]   0    3    2    3    3    3    3    3    2    2    2    1    0    3    2    2    3    2    3    3    2    3    3    3    3    1    3    1    3    3    2    3    1    3    3    3    2    2    3    0    2    0    1    3    3    3    2    2    3    3    2    1    3    2    0    3    1    3    2    1    3    3    3    2    1    2    2    2    3    1    2    2    3    1    3    2    3    1    3    0    3    3    3    3    3    3    0    2    3    2    1    2    0    3    1    3    0    3    2    3    2    2    3    3    3    1    3    3    0    3    2    3    2    2    3    2    0    3    0    2    3    3    2    3    3  184    0    0 
[ 40]   0    0    3    3    3    3    2    0    3    2    0    3    2    1    3    1    2    1    2    2    3    2    2    2    3    3    3    3    3    3    3    3    2    1    1    3    1    3    2    2    2    2    3    2    3    0    3    3    0    2    2    3    2    1    1    3    2    2    3    2    0    2    3    3    2    2    0    3    0    2    3    1    2    0    2    3    2    3    2    2    2    2    1    1    3    2    2    3    2    1    2    2    3    1    2    3    2    3    3    3    1    3    2    2    3    3    3    3    2    1    3    3    2    2    3    2    3    2    3    2    0    2    3    3    3  189    0    0 
[ 41]   0    2    3    3    2    0    2    3    3    0    2    3    2    3    1    3    3    1    2    3    0    3    2    3    0    3    2    3    1    1    3    1    0    2    3    3    2    2    3    1    3    3    2    3    3    2    3    3    3    3    2    3    1    3    3    3    0    3    3    2    3    1    3    1    0    3    2    3    3    2    2    0    3    3    2    2    3    3    2    1    3    0    3    3    3    3    0    3    1    2    3    1    3    0    3    3    3    2    3    0    3    0    3    3    0    3    2    2    1    3    3    3    1    1    3    3    0    3    0    2    3    3    3    3    3  194    0    0 
[ 42]   0    3    2    0    2    3    2    0    3    3    2    3    2    3    3    2    0    2    2    3    2    3    1    2    1    2    1    3    3    3    1    3    2    3    1    1    2    3    2    1    3    1    2    3    1    1    1    3    1    2    3    1    3    1    1    3    3    2    0    3    1    2    3    2    3    3    1    2    3    2    2    1    3    0    3    3    1    3    2    3    3    1    2    3    2    2    3    3    3    3    2    2    3    3    2    1    1    3    3    2    3    2    3    3    2    3    1    1    2    1    1    0    3    3    1    3    2    2    3    3    3    3    3    3    3  199    0    0 
[ 43]   0    3    3    3    2    0    2    3    3    0    3    3    2    3    3    3    3    2    2    3    3    1    3    3    3    3    2    0    3    2    2    2    2    2    3    3    3    1    0    2    1    1    2    2    2    2    2    2    2    2    3    3    2    3    3    3    1    2    3    3    3    2    3    1    0    2    0    1    2    3    3    3    3    3    3    2    3    1    3    2    2    3    1    3    0    2    3    3    1    3    3    2    1    2    1    2    2    2    2    2    2    3    3    3    3    1    3    3    0    3    2    2    0    2    3    1    3    2    2    3    3    3    3    3    3  204    0    0 
[ 44]   0    3    3    3    3    3    2    0    3    2    3    2    0    1    1    1    1    3    2    3    3    3    2    2    3    0    3    2    3    1    3    1    3    3    1    3    2    2    1    3    3    2    2    0    2    3    3    3    2    0    1    3    1    0    3    3    2    1    2    2    3    3    3    3    1    3    3    3    3    2    3    2    3    1    1    2    3    3    2    0    2    3    1    2    3    2    0    2    1    3    1    2    2    3    0    3    3    1    1    3    3    1    1    2    2    3    3    3    2    3    2    3    3    3    1    3    3    2    3    0    2    3    3    3    3  209    0    0 
[ 45]   0    3    3    3    3    3    3    3    2    3    1    3    3    3    2    2    3    2    0    1    1    1    3    1    2    1    2    2    0    3    0    3    1    1    3    1    0    2    3    3    0    1    3    3    2    0    2    3    3    2    3    3    2    3    2    2    0    3    3    1    0    1    3    3    1    3    0    3    1    3    1    0    1    3    3    3    3    2    1    3    3    2    3    2    0    2    3    3    1    1    1    2    2    2    3    2    2    3    3    3    3    3    3    0    3    2    2    2    3    3    3    0    3    1    3    3    3    2    3    2    2    0    2    3    3  214    0    0 
[ 46]   0    3    3    3    3    3    2    2    2    3    3    1    3    0    3    2    3    3    3    3    2    3    1    3    3    3    2    2    2    3    2    3    3    3    2    2    1    3    3    2    3    3    0    1    1    2    2    2    2    1    3    3    0    2    3    3    3    1    2    2    3    3    1    3    3    1    1    2    2    1    1    3    3    3    3    2    1    0    3    3    3    2    2    2    3    3    3    3    1    2    2    3    3    3    2    3    3    2    3    1    1    3    2    1    2    1    1    3    2    2    3    2    3    0    2    2    2    1    3    3    0    2    2    0    2  219    0    0 
[ 47]   0    3    3    3    2    0    3    2    1    2    2    1    3    2    3    1    2    2    3    0    3    3    3    2    1    1    2    1    2    1    1    1    3    2    3    3    3    1    3    2    3    3    3    2    3    1    1    3    1    1    0    3    3    2    3    2    3    1    2    3    3    1    2    3    1    3    2    1    3    3    1    3    3    2    3    2    3    3    3    2    1    0    3    3    1    1    2    3    3    3    2    3    3    3    0    3    3    0    2    3    3    3    2    2    2    1    3    3    2    3    0    2    1    3    0    2    3    3    1    3    3    3    1    3    3  223    0    0 
[ 48]   0    3    2    0    2    3    3    0    3    3    3    1    3    3    1    3    3    2    3    2    3    2    2    2    3    1    3    0    1    3    3    2    1    0    3    3    3    3    1    3    0    3    1    2    2    2    2    3    3    3    2    3    2    2    3    3    2    3    3    3    3    1    3    1    1    3    3    1    3    3    3    1    3    3    3    3    3    3    1    0    2    3    2    1    2    2    1    2    3    0    3    3    3    2    3    2    2    3    1    1    3    2    1    3    2    2    2    2    1    3    3    3    2    3    2    2    0    2    3    3    2    1    3    3    3  227    0    0 
[ 49]   0    1    3    3    2    0    3    2    3    2    0    2    3    3    3    2    0    3    3    3    0    3    1    1    2    2    3    2    3    2    2    3    3    1    2    3    3    3    3    1    2    3    2    2    0    1    3    0    1    2    3    2    3    3    1    2    1    3    0    3    2    2    0    2    2    2    2    2    2    3    1    3    3    3    3    2    1    3    2    3    2    2    0    3    1    3    3    2    3    2    3    3    3    2    0    2    3    2    3    3    3    2    2    2    1    3    2    3    3    3    2    2    1    3    3    0    3    3    3    3    2    1    3    3    3  231    0    0 
[ 50]   0    3    1    2    2    2    1    2    0    2    3    2    3    3    2    2    2    3    2    0    3    1    3    1    2    3    3    3    2    3    1    3    2    3    1    3    3    3    3    3    1    2    3    3    1    3    1    2    3    1    3    1    2    3    2    1    2    3    2    1    3    0    3    1    3    1    3    2    3    2    0    1    3    1    3    0    2    2    2    1    3    2    2    3    1    3    1    3    3    3    3    3    3    1    3    3    1    1    0    2    1    0    3    2    3    3    3    0    3    2    1    1    2    0    2    3    0    2    3    3    2    2    0    2    3  235    0    0 
[ 51]   0    3    2    3    3    3    2    3    3    2    0    3    2    0    3    2    3    1    2    2    3    3    0    1    1    3    1    1    2    1    1    3    0    3    1    3    3    2    1    1    1    2    1    3    3    3    3    2    1    3    3    0    1    1    3    2    1    1    3    1    0    3    2    2    1    2    2    3    2    3    3    2    1    2    3    1    2    2    2    3    2    3    3    3    3    2    3    1    1    3    2    3    3    1    2    1    2    3    2    2    1    3    0    2    1    1    2    2    3    2    1    3    1    3    3    3    2    2    0    2    1    2    3    3    1  239    0    0 
[ 52]   0    3    1    2    2    0    3    3    3    3    3    2    3    3    3    1    2    1    2    3    2    0    2    3    1    3    3    1    2    3    3    3    3    0    3    3    1    2    3    1    2    3    1    2    1    2    0    3    2    1    2    3    3    3    3    3    1    3    3    2    1    1    2    2    3    2    2    1    2    3    1    2    1    3    3    1    2    2    2    3    0    1    2    3    1    1    3    3    3    3    3    0    2    1    3    3    3    2    3    2    3    3    2    2    1    3    2    1    3    2    3    3    1    2    3    3    3    0    2    1    3    2    2    1    3  242    0    0 
[ 53]   0    1    3    2    0    2    3    3    3    2    2    1    2    2    3    3    2    0    1    3    3    3    2    3    3    3    2    2    1    3    1    3    1    2    1    3    1    2    3    3    3    2    3    2    0    3    2    2    2    2    0    1    1    2    3    3    3    1    2    2    2    3    2    2    1    2    2    3    3    2    3    3    1    2    1    2    2    3    3    1    3    3    2    2    3    3    3    1    3    2    3    3    3    1    3    1    3    2    1    2    1    2    3    2    3    3    2    3    1    3    2    2    0    3    0    2    3    3    3    2    3    2    2    1    3  245    0    0 
[ 54]   0    3    1    3    3    2    3    2    0    3    0    3    3    2    3    3    3    3    3    0    1    1    2    1    1    2    3    1    2    3    3    3    3    3    2    2    3    2    2    1    3    3    3    2    3    2    3    3    2    3    3    3    3    1    3    2    1    0    2    3    2    3    0    3    2    3    0    3    3    3    2    0    2    2    3    3    3    0    1    3    2    3    3    2    1    3    2    0    1    3    2    2    3    3    2    1    2    3    3    2    3    2    2    3    2    2    3    0    3    3    2    3    2    2    3    3    3    2    2    1    3    2    3    3    1  248    0    0 
[ 55]   0    3    3    1    2    3    1    3    3    2    2    2    0    3    3    3    2    2    3    3    2    1    2    3    1    2    3    3    3    2    1    3    1    3    2    2    2    1    2    2    3    0    2    3    3    2    3    2    2    3    1    2    3    2    3    0    3    2    3    2    2    2    3    3    3    3    3    2    3    2    2    1    1    3    0    2    1    2    3    2    2    2    3    1    1    2    3    3    2    0    3    1    2    2    0    3    1    3    1    2    1    1    3    2    1    3    1    3    0    2    3    1    3    2    2    3    3    2    3    3    1    3    0    2    3  250    0    0 
[ 56]   0    3    3    1    2    3    3    0    1    1    1    3    3    3    2    0    3    2    3    2    2    3    2    3    3    2    2    1    3    1    2    2    1    1    2    3    3    3    0    3    3    3    2    1    2    1    3    3    2    3    3    2    2    2    2    3    2    3    1    2    0    1    3    2    2    2    3    1    1    1    3    3    3    3    1    3    1    3    2    1    1    2    1    2    1    3    0    2    3    2    1    3    3    2    3    2    2    3    3    2    3    0    2    2    3    3    1    3    3    3    3    1    2    1    3    0    2    3    0    2    3    2    3    3    3  252    0    0 
[ 57]   0    3    1    3    3    3    1    3    3    2    3    1    2    3    3    3    3    1    0    3    1    2    3    2    1    0    1    3    3    2    1    1    2    3    3    1    3    3    2    2    2    3    3    3    3    1    3    3    0    3    2    0    1    2    2    3    3    0    2    3    2    2    2    3    1    3    2    2    3    1    1    3    1    1    2    3    1    3    3    2    0    3    2    2    3    1    3    3    2    1    3    3    3    0    3    3    3    2    1    2    0    3    2    1    2    3    3    3    2    2    2    0    2    3    2    3    3    2    3    3    3    2    3    3    3  254    0    0 
[ 58]   0    1    3    2    0    3    3    2    0    3    3    1    2    3    3    2    3    2    3    2    3    2    3    2    2    3    3    0    2    3    1    3    3    1    1    3    1    2    1    3    1    3    0    3    3    0    3    2    3    3    3    3    3    0    3    2    3    3    1    2    3    0    1    3    2    3    1    0    3    3    3    3    3    0    3    3    1    0    2    3    3    2    2    1    3    2    0    3    2    3    3    3    2    3    2    3    1    1    3    2    2    3    2    3    2    3    2    2    1    2    3    3    3    3    2    3    3    2    2    3    3    3    0    2    3  256    0    0 
[ 59]   0    3    1    3    3    2    3    3    3    3    1    3    2    2    0    3    2    0    1    1    2    3    1    3    1    2    3    2    2    3    2    2    2    3    3    2    2    3    1    3    2    0    2    3    2    2    2    3    3    1    1    3    3    3    3    1    3    3    1    2    2    2    3    1    3    1    3    2    2    2    2    1    3    3    3    2    3    2    1    1    3    3    1    3    3    2    3    2    0    1    2    3    2    1    3    3    3    3    0    3    3    0    3    2    3    0    1    2    3    2    3    2    2    3    3    0    2    1    3    0    2    3    3    3    1  258    0    0 
[ 60]   0    3    3    0    1    1    2    2    2    3    3    1    2    3    3    2    3    3    2    1    2    3    1    3    3    2    1    3    3    0    2    1    3    1    1    3    3    2    3    2    2    2    3    2    3    0    3    3    3    1    3    2    2    3    3    1    1    2    1    2    2    3    2    3    1    3    2    3    2    2    1    3    2    3    3    3    2    1    3    1    3    3    3    3    0    3    1    2    3    3    3    2    3    2    1    1    3    0    3    2    0    3    1    3    1    3    2    2    3    3    0    1    3    1    3    3    1    3    2    3    3    3    2    1    3  259    0    0 
[ 61]   0    3    1    3    3    2    3    3    2    3    2    0    1    2    2    2    3    3    2    3    2    1    3    3    2    1    0    2    3    3    3    3    1    3    3    2    2    3    3    0    2    3    2    1    3    1    3    1    1    1    2    3    1    3    1    3    3    1    2    1    3    2    0    3    3    3    0    2    3    1    2    1    3    3    3    3    1    2    3    2    2    3    0    2    3    3    3    2    2    0    3    3    2    1    3    3    1    2    3    3    3    3    1    3    3    0    1    3    1    3    3    2    3    1    2    0    3    3    2    3    3    3    2    1    3  260    0    0 
[ 62]   0    1    3    2    0    3    2    0    3    1    3    3    2    3    3    2    2    0    3    3    3    3    0    2    2    2    3    3    3    2    2    3    3    3    2    3    1    1    2    3    1    3    2    1    3    3    1    2    3    0    2    1    1    0    2    2    3    3    3    2    3    1    2    2    0    2    2    1    3    2    3    3    3    2    3    3    3    3    1    0    3    2    2    3    1    2    2    2    1    3    2    1    1    2    3    3    3    1    2    2    2    3    3    3    1    2    1    3    1    3    3    2    3    1    3    3    1    3    3    0    2    3    3    3    1  261    0    0 
[ 63]   0    3    1    3    3    2    3    3    2    3    1    2    3    2    0    2    3    3    3    2    0    3    3    3    2    1    2    2    3    2    3    0    3    0    3    3    1    3    2    2    2    3    3    1    1    3    3    3    2    3    2    3    3    3    3    2    2    3    3    3    1    1    3    2    1    2    3    1    1    3    3    3    2    3    1    3    2    1    2    3    2    3    3    1    3    1    3    1    2    2    2    3    1    3    0    2    3    3    3    2    2    3    2    3    1    2    3    2    3    3    0    1    3    3    3    0    2    1    3    3    3    3    0    2    3  261    0    0 
[ 64]   0    3    3    0    1    1    2    2    2    3    1    2    3    3    3    0    2    2    3    3    3    1    2    3    3    3    0    3    0    1    3    3    2    3    3    1    3    3    2    2    3    0    2    3    3    0    3    3    0    2    3    1    3    1    2    2    2    1    2    3    2    3    2    2    1    2    2    3    2    3    2    1    2    3    1    2    3    0    3    2    0    3    2    3    3    3    1    3    2    2    2    3    3    2    3    2    0    3    0    3    1    0    3    1    3    2    3    2    2    1    2    1    3    2    1    2    3    2    3    2    2    1    3    3    3  261    0    0 
[ 65]   0    3    1    3    3    2    3    3    2    1    3    3    3    2    0    2    3    3    3    2    0    3    2    2    0    2    2    2    3    2    3    0    3    0    3    3    1    3    2    2    2    3    3    1    1    3    3    3    2    3    2    3    3    3    3    2    2    3    3    2    3    1    3    2    1    2    3    1    3    2    3    3    2    3    1    3    2    1    1    2    2    3    3    1    3    1    3    1    2    2    2    3    2    1    0    2    3    3    3    2    2    3    2    3    1    3    0    1    2    1    2    3    2    2    1    3    0    1    3    3    3    3    0    2    3  261    0    0 
[ 66]   0    1    3    2    0    3    2    0    2    3    2    0    3    3    3    2    2    0    3    3    3    1    2    3    1    3    3    3    3    2    2    3    3    3    2    3    1    1    2    3    1    3    2    1    3    3    1    2    3    0    2    1    1    0    2    2    3    2    2    0    3    3    3    3    1    3    3    3    3    0    2    2    3    2    3    3    2    1    3    2    2    2    2    3    1    2    2    2    1    3    3    2    3    2    1    2    2    0    2    2    2    3    3    3    1    2    3    2    1    3    2    2    0    2    3    2    3    2    3    0    2    3    3    3    1  261    0    0 
[ 67]   0    3    1    2    2    1    2    2    0    3    3    3    2    3    3    2    3    3    1    2    0    3    3    2    3    3    0    2    3    3    3    3    1    3    3    2    2    3    3    0    2    3    2    1    3    1    3    1    1    1    2    3    1    3    1    2    1    3    2    1    1    3    0    3    3    3    0    3    1    1    2    3    2    3    3    2    3    3    3    3    1    3    0    2    3    3    3    2    3    2    2    3    2    3    2    3    2    3    1    2    2    3    1    3    3    0    2    2    1    3    3    3    1    3    3    2    2    1    2    3    3    3    2    1    3  260    0    0 
[ 68]   0    3    2    3    3    2    3    3    3    1    2    2    2    2    0    3    2    0    3    1    3    3    0    1    2    2    3    3    3    0    2    1    3    1    1    3    3    2    3    2    2    2    3    2    3    0    3    3    3    1    3    2    2    3    2    3    2    1    3    3    3    2    1    2    1    2    1    2    3    3    3    2    0    3    3    2    3    1    3    2    2    3    3    3    0    3    1    3    0    3    1    2    3    2    2    3    0    3    2    3    2    1    1    3    1    3    3    1    3    3    1    3    3    1    3    3    3    3    0    2    3    3    2    1    3  259    0    0 
[ 69]   0    3    1    2    0    3    3    2    0    3    3    2    0    3    3    2    3    3    2    3    0    1    3    2    2    0    2    3    2    3    2    2    2    3    3    3    2    3    1    3    2    0    2    3    2    2    2    3    3    1    1    3    3    2    2    2    3    2    2    2    0    3    3    3    0    3    3    3    1    2    2    3    3    0    2    0    3    1    1    3    2    3    1    3    3    2    3    3    3    2    3    1    1    1    3    3    3    2    2    1    2    2    2    2    3    1    3    1    3    3    1    2    0    2    2    0    2    3    3    3    1    3    3    3    1  258    0    0 
[ 70]   0    1    3    1    3    3    1    3    3    3    1    2    2    1    2    2    3    3    3    2    3    2    1    2    3    1    3    2    3    3    1    3    3    2    3    0    3    3    1    3    1    3    0    3    3    0    3    2    3    3    3    2    1    3    0    3    3    1    2    0    3    2    3    2    3    2    3    3    0    2    2    3    3    2    2    3    3    3    2    0    2    2    2    1    3    2    2    2    3    2    1    3    3    0    1    1    3    3    1    2    3    2    0    2    3    1    1    2    1    3    1    3    1    3    3    1    3    3    2    1    3    3    0    2    3  256    0    0 
[ 71]   0    3    1    2    0    3    3    1    2    3    2    3    3    2    3    3    3    2    0    2    3    3    2    3    2    3    2    2    1    3    1    1    3    1    2    1    2    1    3    2    2    3    3    3    3    1    3    3    0    3    1    2    2    2    3    3    2    2    0    3    3    1    3    1    0    1    3    3    2    1    3    0    3    3    2    0    3    1    3    3    2    2    2    2    3    3    2    1    1    2    2    3    3    2    2    3    2    2    2    3    2    3    1    3    2    2    3    3    2    2    3    2    3    1    3    3    1    3    2    1    3    2    3    3    3  254    0    0 
[ 72]   0    3    2    3    3    1    2    1    2    3    1    2    0    3    2    0    3    3    3    0    2    0    3    1    2    3    1    3    3    3    3    3    3    1    2    3    3    1    1    3    3    3    2    1    2    1    3    3    2    3    1    3    2    2    2    2    0    2    2    3    2    3    2    3    3    3    3    1    2    3    1    3    2    3    3    3    2    2    3    2    3    2    2    2    2    1    2    1    3    3    0    3    3    3    1    2    3    1    2    1    2    2    3    2    2    1    0    3    3    3    3    2    1    3    3    0    2    1    2    3    1    2    2    3    3  252    0    0 
[ 73]   0    3    1    2    0    3    3    1    2    2    3    1    3    2    3    3    2    3    1    3    2    3    2    2    2    1    1    3    1    3    1    3    2    0    3    2    1    3    2    2    3    0    2    3    3    2    3    2    2    2    3    2    3    2    2    2    2    3    1    2    3    3    1    3    3    3    2    2    3    2    3    2    3    2    2    2    3    2    1    2    3    0    1    3    3    3    1    3    3    3    3    2    3    3    3    2    3    3    2    3    3    1    3    1    3    3    3    1    0    2    3    3    2    3    2    3    3    2    2    0    2    0    3    0    2  250    0    0 
[ 74]   0    1    3    1    3    3    1    3    2    0    3    3    1    2    3    3    3    2    3    1    2    3    2    0    3    3    3    3    3    3    3    3    2    2    3    2    1    3    2    1    3    3    3    2    2    1    2    2    1    1    3    3    3    1    2    2    2    2    3    2    3    3    2    1    1    1    3    2    3    3    2    0    3    2    2    1    2    2    1    0    1    3    3    2    2    2    3    2    1    1    2    2    3    3    2    3    2    1    2    1    3    1    1    1    3    1    3    2    1    3    3    0    1    3    3    3    3    2    1    3    3    1    2    3    3  247    0    0 
[ 75]   0    3    1    2    0    3    3    1    2    2    1    2    1    2    3    2    0    2    3    2    3    2    3    3    2    2    0    2    0    2    0    1    2    0    2    2    3    2    3    2    2    1    2    0    1    3    2    3    3    1    3    0    1    2    2    3    3    3    2    0    2    2    2    3    2    3    3    2    3    2    3    3    2    2    1    0    3    1    3    3    1    3    3    0    3    0    2    2    3    1    3    2    2    0    3    2    2    3    2    3    3    3    3    2    2    1    1    2    3    2    2    3    2    3    0    2    3    2    1    3    3    1    3    3    3  244    0    0 
[ 76]   0    3    2    3    3    2    3    2    3    3    3    3    1    2    2    3    3    1    3    2    1    2    3    3    1    3    2    2    2    3    3    2    3    3    3    2    3    3    2    3    2    3    1    2    3    3    2    1    0    3    3    1    2    2    1    2    1    0    3    3    3    3    0    1    2    2    3    0    2    3    1    2    2    3    2    3    2    1    2    3    2    0    3    2    1    3    3    2    2    1    1    2    3    3    1    3    1    1    2    1    3    1    3    2    1    2    3    3    3    0    2    3    2    2    3    3    2    3    3    1    3    3    1    3    3  241    0    0 
[ 77]   0    3    2    3    3    3    3    1    2    2    0    3    3    2    0    3    3    1    3    0    1    2    3    1    1    3    0    3    3    2    1    2    1    1    2    3    2    0    1    1    3    3    3    0    3    2    2    3    2    3    3    1    2    2    3    3    3    2    2    1    1    2    3    3    3    0    3    2    2    3    2    2    3    2    2    2    2    0    1    2    3    1    3    1    2    3    3    1    1    2    3    3    3    1    3    3    1    3    2    3    3    2    2    3    2    2    1    3    2    3    3    2    3    3    3    3    2    0    2    3    3    0    2    0    2  238    0    0 
[ 78]   0    3    1    2    2    0    3    3    2    0    2    2    3    3    3    2    2    3    2    1    2    3    3    3    3    3    3    2    1    1    2    2    3    1    2    3    3    1    2    2    2    2    2    2    2    3    3    0    2    1    3    1    2    3    1    1    3    3    0    1    3    3    1    1    3    3    3    0    3    1    3    1    1    3    3    2    1    3    3    3    1    2    3    3    3    3    1    3    3    3    1    3    3    1    2    3    2    2    3    2    2    3    3    2    3    3    2    2    3    3    3    2    0    2    3    3    1    3    3    3    2    3    1    3    3  234    0    0 
[ 79]   0    1    3    2    0    2    2    3    3    3    2    0    3    3    3    2    0    3    3    1    2    3    1    2    0    3    3    1    2    1    3    2    3    3    2    3    1    3    3    3    1    1    3    1    2    3    1    1    3    0    2    2    3    3    0    2    2    2    3    2    2    3    2    0    1    3    0    3    0    1    3    3    3    2    1    1    1    3    1    2    3    3    3    0    2    3    3    2    3    2    3    1    2    0    3    1    3    3    1    0    2    1    3    2    1    3    2    2    1    3    3    1    3    3    2    3    1    3    3    3    2    1    3    3    3  230    0    0 
[ 80]   0    3    1    3    3    2    0    3    3    3    3    3    2    3    1    2    2    1    1    3    3    2    2    2    3    2    2    2    3    0    3    0    1    1    3    1    3    3    3    2    3    3    3    3    2    1    3    1    2    3    3    1    1    1    1    3    3    2    0    3    3    2    3    2    3    1    3    2    2    3    3    0    2    2    1    2    2    1    3    2    0    2    3    2    2    2    1    2    3    0    2    1    3    2    3    0    2    2    3    2    2    3    3    3    2    2    2    2    1    1    3    1    3    3    0    3    3    1    3    3    2    1    3    3    3  226    0    0 
[ 81]   0    3    3    1    3    3    3    2    3    3    3    3    2    2    2    3    3    3    3    3    1    2    2    0    3    3    2    3    2    1    3    2    2    3    1    3    3    3    3    2    0    2    3    1    1    3    3    2    1    1    2    3    3    2    3    0    2    2    2    1    3    3    2    3    1    3    2    3    2    3    2    3    3    2    2    2    3    3    3    2    2    2    3    3    1    1    2    3    2    1    3    3    1    3    1    3    0    3    2    3    3    1    1    3    2    1    3    3    2    2    2    3    1    1    2    3    0    2    1    3    3    3    1    3    3  222    0    0 
[ 82]   0    3    3    3    1    2    2    2    3    3    2    0    3    0    2    3    3    2    0    3    2    3    2    3    2    3    0    1    3    2    3    3    2    3    3    3    3    3    3    1    3    3    2    2    2    2    2    3    3    3    3    0    1    2    3    2    3    3    3    2    2    0    2    3    1    3    3    1    3    2    3    3    3    3    2    3    2    2    1    3    3    3    2    2    2    2    2    1    2    1    3    3    3    1    3    3    2    3    3    1    1    2    2    2    2    1    1    3    2    2    2    1    2    2    2    2    3    3    2    3    0    2    2    0    2  218    0    0 
[ 83]   0    3    3    3    1    2    2    2    3    1    3    3    2    2    0    3    2    3    3    2    2    3    0    3    3    3    2    3    2    2    2    3    0    1    3    1    1    2    2    0    2    3    3    3    2    0    2    3    3    3    1    2    3    3    3    2    2    2    1    3    1    2    3    2    3    3    1    2    1    3    1    2    2    3    3    1    3    2    3    1    3    3    2    0    2    3    3    2    3    1    3    3    3    3    3    2    2    2    2    2    2    1    2    1    3    2    2    2    3    3    3    2    0    2    3    3    3    3    2    2    2    0    2    3    3  213    0    0 
[ 84]   0    3    3    1    3    3    3    2    2    3    1    3    3    3    3    2    0    3    3    3    3    3    3    2    3    1    1    1    3    3    2    3    2    3    1    3    3    0    2    2    2    3    2    0    2    3    3    3    2    0    2    3    3    2    1    1    1    3    3    2    3    3    3    1    1    2    3    1    3    2    3    3    2    3    2    3    2    3    2    2    1    3    3    3    2    0    2    3    1    2    3    2    2    3    0    3    3    1    1    3    3    0    3    2    2    3    3    3    2    3    3    0    2    2    1    3    3    3    2    0    2    3    3    3    3  208    0    0 
[ 85]   0    3    1    3    3    2    0    3    0    3    3    1    2    2    2    0    2    2    3    3    3    1    3    3    3    3    3    3    2    3    0    1    2    2    3    3    3    2    2    1    3    1    2    2    2    2    2    2    2    2    3    1    3    2    3    3    3    2    3    3    3    2    2    2    2    3    2    2    0    2    2    3    1    3    3    2    1    0    2    3    0    2    2    2    2    3    3    3    1    3    1    3    1    2    1    2    2    2    2    2    2    3    3    3    3    1    3    3    0    3    2    3    3    3    1    1    3    3    1    3    3    3    3    3    3  203    0    0 
[ 86]   0    2    3    2    0    2    3    2    3    2    3    2    3    3    2    3    2    0    3    3    2    3    1    2    1    2    2    1    2    2    2    3    2    3    1    1    2    3    2    3    3    1    2    3    1    1    1    3    1    2    1    3    1    3    3    0    3    2    0    3    1    1    1    1    3    3    2    0    3    2    2    2    2    3    1    1    1    3    3    0    3    2    1    1    3    2    2    3    3    3    1    3    3    2    2    1    1    3    3    2    3    3    2    3    2    3    1    1    2    2    2    2    2    1    3    2    2    3    1    3    3    3    3    3    3  198    0    0 
[ 87]   0    0    3    3    3    2    0    3    0    2    3    2    3    3    0    3    3    3    2    3    0    3    2    3    0    3    3    0    3    3    0    3    0    2    3    3    2    2    3    2    3    3    2    3    3    2    3    3    2    1    3    1    3    2    2    3    3    1    2    1    1    3    3    2    3    1    1    3    3    2    2    1    3    2    2    1    3    3    2    3    2    2    3    3    3    2    3    2    1    1    1    2    2    3    2    3    3    2    3    0    3    3    0    3    0    3    2    2    2    1    3    3    3    2    3    2    0    3    3    1    3    3    3    3    3  193    0    0 
[ 88]   0    3    2    3    3    3    3    2    2    0    3    2    3    2    2    2    3    3    3    3    3    2    2    2    3    2    2    3    2    2    3    1    3    1    1    3    1    3    2    3    2    1    2    2    3    0    3    2    2    1    3    3    1    3    2    0    3    3    3    2    0    1    1    2    2    2    0    3    0    2    3    3    3    1    3    2    2    3    3    3    2    0    3    3    1    0    3    1    1    3    2    1    1    3    0    3    2    3    3    3    2    2    2    0    2    2    3    3    3    2    1    3    3    2    3    0    2    3    0    2    0    2    3    3    3  188    0    0 
[ 89]   0    0    2    3    3    3    3    3    3    3    2    2    3    0    3    0    3    3    3    2    3    3    3    3    1    3    3    1    3    3    2    2    2    3    3    3    2    2    3    2    1    2    3    1    2    3    2    0    2    3    3    2    0    2    3    2    0    1    3    1    3    3    2    2    2    2    2    2    3    1    3    1    2    0    1    2    3    2    0    3    3    3    2    2    3    2    3    2    0    2    3    3    1    3    3    2    0    3    2    3    3    2    3    2    3    3    1    3    3    0    3    2    3    2    2    3    3    3    3    1    3    3    1    3    3  183    0    0 
[ 90]   0    2    0    3    3    3    3    3    3    3    3    3    2    3    2    2    2    3    3    0    3    3    3    2    3    1    1    3    2    3    0    2    2    1    3    2    3    3    2    1    2    3    2    2    3    1    1    3    3    3    3    2    1    1    1    2    3    2    3    2    3    1    2    3    3    3    3    3    2    2    3    3    1    3    1    3    3    2    2    2    3    3    3    3    2    2    2    3    1    1    3    1    1    2    3    2    3    2    0    3    3    0    3    2    3    2    3    1    1    2    3    0    3    2    2    2    2    0    2    3    3    1    3    2    3  178    0    0 
[ 91]   0    2    2    1    2    2    2    2    2    2    2    0    3    0    2    3    0    3    1    2    1    3    3    0    3    2    2    3    0    2    3    2    3    2    2    2    1    3    1    2    3    2    3    3    2    2    2    3    3    3    3    2    3    1    3    3    3    2    3    3    2    2    2    1    3    3    1    3    1    3    3    3    3    1    1    3    0    3    3    0    3    3    3    3    0    2    3    2    2    3    3    3    2    1    3    0    3    2    3    2    2    3    2    2    3    0    3    2    2    2    2    3    2    2    2    2    1    3    3    3    1    3    3    0    3  173    0    0 
[ 92]   0    2    2    2    3    3    3    3    3    3    2    3    2    2    0    3    2    0    3    0    3    1    1    2    2    2    2    2    3    2    3    0    3    2    1    3    2    2    2    2    1    2    3    1    2    2    2    3    3    3    3    3    0    3    2    3    3    2    3    2    3    1    3    2    1    1    1    2    2    2    3    3    3    2    2    3    2    3    3    2    1    3    3    2    3    3    2    2    1    0    3    1    2    2    3    3    2    0    3    3    3    1    3    3    3    3    2    2    2    2    2    1    3    3    3    3    2    3    3    1    3    3    2    2    2  168    0    0 
[ 93]   0    2    2    2    3    3    3    3    3    3    0    3    3    3    3    2    2    1    2    3    3    3    3    3    2    3    3    3    3    0    1    2    2    3    2    2    3    3    1    3    3    3    2    2    3    3    2    3    3    2    2    2    1    3    0    3    3    1    0    3    3    2    2    1    3    1    2    1    1    3    0    2    3    2    2    2    2    2    2    1    3    1    3    3    3    3    1    3    3    3    0    1    2    2    2    3    1    3    2    3    2    3    1    2    1    3    3    3    3    3    3    1    1    2    2    2    1    2    1    3    3    3    0    3    0  163    0    0 
[ 94]   0    2    2    2    3    3    3    3    3    1    2    1    3    3    3    3    3    2    3    3    1    3    3    3    0    3    3    3    2    1    3    3    3    2    2    2    1    3    1    3    1    3    3    2    2    0    3    2    0    3    2    2    2    3    3    2    2    2    3    3    1    3    2    2    0    2    2    3    1    2    3    3    2    3    3    2    3    2    2    2    1    3    3    0    2    3    1    3    1    3    2    3    3    2    0    1    3    1    2    3    0    3    2    3    2    1    3    3    3    3    2    3    0    3    3    3    2    3    2    3    3    2    2    2    3  157    0    0 
[ 95]   0    2    2    2    3    3    3    3    2    3    0    3    2    3    3    3    3    2    3    2    3    1    3    1    2    2    3    3    0    2    1    3    3    0    2    3    2    2    3    2    1    3    1    2    3    3    2    3    3    3    1    1    2    2    3    3    0    1    2    3    1    3    2    3    3    3    2    3    3    0    2    3    2    1    3    0    3    1    1    3    1    2    1    3    3    2    3    2    1    3    1    0    3    3    1    2    2    2    3    3    3    2    2    3    0    3    2    3    3    3    0    3    2    2    3    3    2    3    2    3    3    0    3    2    0  152    0    0 
[ 96]   0    2    2    2    3    3    3    3    0    3    3    3    0    3    3    3    3    2    3    0    3    3    0    3    2    0    3    2    3    3    2    2    2    3    3    2    3    3    3    1    3    2    1    2    3    3    2    3    2    3    3    1    3    1    3    0    3    3    3    2    3    1    3    0    3    0    3    3    1    3    3    2    2    1    0    3    3    1    3    3    1    3    3    0    2    2    2    0    3    2    2    3    2    2    3    2    0    2    3    1    2    2    2    2    3    3    0    3    3    1    2    2    3    0    3    3    2    3    2    3    2    3    3    0    2  146    0    0 
[ 97]   0    2    2    2    3    3    3    2    2    3    0    3    2    2    3    3    3    2    2    2    2    3    1    3    0    2    2    3    3    3    2    0    2    3    3    2    0    2    3    1    3    1    3    2    2    0    2    0    3    3    3    3    3    3    3    1    3    1    3    2    1    3    2    3    2    3    3    1    2    0    2    0    3    3    2    2    3    3    3    3    2    1    3    3    3    1    3    3    2    3    3    3    2    0    3    3    3    0    1    2    3    3    3    2    0    3    2    1    1    3    2    0    3    3    2    3    2    3    2    3    2    0    3    3    3  140    0    0 
[ 98]   0    2    2    2    3    3    3    0    3    2    2    2    3    0    3    3    3    2    0    3    0    3    1    2    3    3    3    2    3    3    0    2    2    1    3    1    3    3    2    3    2    1    3    3    3    1    3    3    3    2    1    1    3    1    2    3    2    1    1    2    2    3    2    0    3    0    3    2    3    2    2    3    2    1    2    3    1    0    1    2    3    1    3    3    3    1    3    3    2    2    0    3    3    3    2    3    2    3    2    0    3    3    2    3    3    2    2    2    2    3    0    2    3    0    2    3    2    3    2    3    0    2    3    2    0  135    0    0 
[ 99]   0    2    2    2    3    3    2    3    3    0    3    0    3    3    2    3    3    0    2    2    3    2    1    3    3    3    3    0    3    2    3    3    3    2    1    0    2    3    2    2    0    3    3    1    3    3    3    2    3    2    3    1    3    2    1    3    1    2    3    3    0    3    1    3    3    3    2    2    3    0    2    3    1    2    3    1    3    3    2    2    3    3    3    0    3    3    3    1    2    3    3    2    3    3    3    3    0    3    3    3    2    3    0    3    3    3    3    3    3    3    3    3    2    2    0    3    2    3    2    2    3    3    3    0    2  129    0    0 
[100]   0    2    2    2    3    3    2    0    3    3    2    3    3    0    2    3    2    3    3    2    0    2    3    2    3    3    2    3    2    3    3    3    3    0    2    3    3    2    3    3    2    0    2    0    2    1    2    3    1    3    2    1    0    3    3    3    2    2    1    1    2    2    1    3    1    3    3    3    2    1    3    2    2    3    2    0    3    1    1    3    2    1    0    3    1    2    3    1    2    3    3    3    3    2    0    3    2    1    2    2    2    2    3    2    3    3    3    3    2    0    3    0    2    2    3    2    2    3    2    2    2    0    3    3    3  123    0    0 
[101]   0    2    2    2    3    3    0    2    3    0    3    0    3    2    0    3    2    2    0    2    3    3    3    0    3    3    2    0    3    0    2    3    2    3    3    3    3    2    0    2    2    3    1    2    1    3    2    2    0    2    2    3    2    2    1    2    3    3    1    3    3    2    3    0    3    2    3    1    3    1    2    3    3    2    1    1    3    3    1    3    2    2    3    3    1    2    1    3    3    3    2    0    3    3    3    2    2    2    3    3    3    2    0    2    3    3    3    1    3    3    2    2    0    3    0    2    2    3    2    2    0    2    3    2    0  118    0    0 
[102]   0    2    2    2    3    2    3    3    2    3    3    3    3    3    3    2    2    1    3    3    3    3    2    2    2    3    0    2    2    3    3    2    3    3    3    3    3    1    3    3    2    1    3    2    1    3    2    3    3    3    2    2    3    2    2    1    1    3    1    1    3    0    3    1    3    0    1    3    0    3    1    3    1    1    3    3    3    2    1    0    3    1    2    3    3    1    3    2    0    3    3    3    2    3    3    3    3    2    3    2    0    2    2    0    3    3    1    3    2    3    3    3    3    2    2    0    2    3    2    0    2    2    3    0    2  112    0    0 
[103]   0    2    2    2    3    2    2    0    3    2    0    3    0    2    3    3    3    2    3    3    3    3    0    3    0    2    3    3    3    3    3    2    0    2    3    3    3    1    3    3    2    1    3    2    3    1    3    2    1    1    1    3    2    1    3    1    3    3    2    2    1    3    3    2    3    2    3    3    2    2    2    3    3    3    1    0    1    1    3    3    2    3    2    3    3    1    3    3    3    1    2    2    2    3    3    2    0    3    2    3    3    1    2    2    1    1    3    3    0    3    3    3    3    3    3    3    1    3    0    2    2    2    2    3    3  106    0    0 
[104]   0    2    2    2    3    2    0    2    3    0    2    2    3    2    0    2    3    2    3    3    3    2    2    2    2    0    2    3    3    3    3    0    2    2    0    2    3    3    1    3    3    3    1    3    1    3    3    2    1    3    1    3    2    3    3    2    2    3    3    3    0    3    2    2    2    2    3    1    0    3    3    2    3    0    3    3    2    3    2    1    1    2    3    2    0    2    3    2    0    3    3    3    2    2    0    2    3    3    0    3    3    1    2    2    2    2    3    2    2    2    3    3    3    3    3    3    1    2    3    3    3    3    2    2    0  101    0    0 
[105]   0    2    2    2    3    0    2    2    2    3    3    2    0    2    3    3    1    2    3    3    3    0    3    0    2    3    2    0    2    3    2    3    3    1    3    3    3    0    2    2    0    2    3    3    1    3    3    2    3    3    2    0    2    1    2    3    3    0    3    2    3    3    2    3    2    3    3    3    2    2    2    3    3    1    2    2    3    3    2    3    1    2    3    3    3    2    1    3    3    3    2    0    2    3    3    2    0    3    2    1    1    3    3    3    3    3    3    0    3    0    3    3    3    3    3    1    3    3    3    3    2    0    3    0    2   95    0    0 
[106]   0    2    2    2    2    3    3    3    3    2    0    2    3    3    3    2    3    0    3    3    2    3    2    3    2    0    2    3    3    1    1    1    0    3    3    3    2    3    3    3    1    3    3    3    2    0    2    3    2    3    2    3    3    3    1    1    2    1    3    3    3    1    0    3    0    3    2    3    0    3    1    3    0    3    1    1    3    0    3    3    3    2    3    2    2    1    2    0    1    2    2    2    0    3    3    3    3    2    2    2    2    3    3    3    2    0    3    3    2    2    1    3    3    3    1    3    3    3    2    0    2    3    3    3    3   89    0    0 
[107]   0    2    2    2    2    2    2    2    0    2    3    3    3    3    3    0    3    2    1    3    2    0    3    0    2    3    3    3    2    2    3    3    3    1    3    3    2    3    3    3    2    0    2    3    2    3    3    3    3    0    2    1    1    2    3    3    0    3    0    3    2    3    2    1    3    3    1    3    3    1    2    3    2    3    3    1    3    2    3    2    2    3    1    3    0    3    3    1    2    3    3    3    3    2    3    3    3    3    3    3    2    3    2    0    2    3    3    0    2    2    3    1    2    1    3    3    3    1    3    3    3    2    0    3    0   84    0    0 
[108]   0    2    2    2    2    2    2    1    3    3    3    3    3    3    1    2    1    2    3    1    0    2    2    3    3    3    3    3    0    3    0    2    3    3    1    3    3    0    2    3    2    3    3    1    3    2    2    3    3    2    2    1    3    2    2    2    2    3    2    3    3    1    0    2    3    0    3    0    3    0    3    3    3    3    2    2    3    3    1    3    1    2    1    3    2    2    0    2    2    3    3    3    2    2    3    3    3    3    2    0    3    2    3    3    2    0    3    2    0    2    3    2    3    2    3    2    0    2    0    3    0    2    3    2    3   78    0    0 
[109]   0    2    2    2    2    2    2    1    3    3    3    3    3    2    3    0    3    0    3    2    1    3    3    3    3    3    3    2    3    2    3    2    0    2    3    1    3    3    2    0    2    1    0    3    3    2    3    0    2    3    2    3    2    1    1    3    0    2    2    2    3    3    2    2    3    2    3    2    1    3    3    2    3    0    3    3    2    2    0    3    3    2    1    3    2    3    3    2    2    3    2    0    3    2    3    3    2    0    2    3    3    0    3    3    3    3    2    2    2    0    3    2    3    2    1    3    3    1    3    3    3    2    0    3    0   73    0    0 
[110]   0    3    3    3    3    3    3    3    1    3    3    3    3    0    3    3    2    3    2    3    3    1    3    3    3    3    3    2    0    3    0    2    3    3    1    3    3    0    2    3    3    2    2    0    2    1    3    3    3    3    3    0    3    1    3    1    3    0    3    3    0    3    2    1    2    2    2    1    2    3    0    3    3    2    3    2    3    0    3    1    2    3    0    2    1    2    2    3    1    0    2    3    3    1    2    0    2    3    2    0    3    2    1    3    3    3    3    3    3    3    2    2    3    0    3    2    3    3    2    0    2    3    3    3    3   67    0    0 
[111]   0    0    2    3    3    3    3    3    3    1    3    3    1    2    3    0    3    0    3    0    2    3    1    3    3    3    3    0    2    2    3    3    3    1    3    3    2    3    3    3    3    2    3    3    1    3    3    2    2    3    3    2    3    2    1    3    3    2    3    3    2    3    3    0    1    3    1    0    3    3    2    3    3    2    0    3    3    2    3    1    2    3    2    3    1    2    2    3    2    3    2    0    3    3    1    3    2    0    2    2    2    2    3    1    2    2    2    2    2    2    2    2    2    2    3    0    3    3    3    3    2    0    3    0    2   62    0    0 
[112]   0    3    2    0    2    3    3    3    3    3    1    1    3    2    2    3    2    3    3    3    3    1    3    1    2    2    1    2    2    2    2    2    1    3    3    3    2    3    3    3    3    3    0    2    3    3    3    2    3    0    2    3    3    3    0    1    2    2    2    3    3    3    3    2    3    1    3    2    3    3    3    2    0    3    2    3    3    3    1    3    2    3    3    1    3    3    2    3    2    3    3    3    2    3    3    1    2    2    0    3    0    2    3    2    3    3    3    3    3    3    3    2    0    3    2    2    2    3    3    3    3    3    2    2    0   57    0    0 
[113]   0    0    2    3    2    0    2    3    3    3    2    2    3    2    2    0    3    2    0    3    0    2    0    1    3    3    2    2    2    2    2    2    1    3    3    3    3    0    2    2    3    3    2    1    1    2    2    1    3    2    2    2    3    3    2    3    0    3    3    0    3    2    3    3    3    3    3    3    2    1    1    1    2    3    3    3    2    2    2    0    3    3    3    3    2    0    3    3    1    2    2    2    2    3    3    2    3    3    3    2    2    0    3    2    3    3    3    3    3    2    0    2    3    3    0    3    0    3    3    3    3    3    3    3    3   51    0    0 
[114]   0    3    2    0    2    3    3    1    3    3    2    2    3    2    0    2    3    0    2    2    3    1    3    2    1    3    2    3    3    3    3    3    3    1    3    3    3    2    0    3    0    2    1    3    3    0    2    2    0    2    1    3    0    2    3    3    2    3    3    2    3    3    0    3    2    3    1    1    1    3    2    3    1    2    3    0    3    2    2    2    3    3    3    2    2    2    3    1    3    3    3    3    2    3    3    2    3    3    3    3    3    3    2    2    3    3    3    2    0    2    3    2    0    3    3    2    2    1    3    3    3    3    3    3    3   46    0    0 
[115]   0    0    2    3    3    3    1    3    2    3    2    2    3    0    2    2    2    3    3    3    1    3    3    0    3    2    3    0    2    2    3    3    3    3    1    3    3    2    3    2    3    1    3    3    3    2    0    2    3    3    3    1    1    1    1    2    2    2    3    3    3    3    2    3    1    3    3    2    3    3    1    2    3    2    3    2    3    1    1    3    2    2    0    3    2    3    1    3    3    2    2    0    3    3    3    1    2    2    2    2    2    2    2    2    3    3    2    3    3    2    0    2    3    3    0    2    2    3    1    2    2    2    2    2    0   42    0    0 
[116]   0    3    3    3    3    1    3    3    0    3    2    2    2    3    3    3    3    3    3    1    3    3    2    3    3    0    3    2    0    3    0    2    3    3    3    1    3    3    0    3    1    3    3    3    3    2    3    2    2    2    2    1    3    2    3    0    3    3    0    3    2    2    2    0    3    0    3    1    3    0    2    3    0    3    3    3    1    3    3    1    3    0    2    3    2    3    3    2    0    3    0    2    3    3    1    3    3    3    3    3    3    3    3    2    3    3    0    3    3    3    3    2    0    3    2    0    2    3    2    3    3    3    3    1    3   37    0    0 
[117]   0    2    2    2    1    3    3    2    2    2    2    2    2    2    2    2    2    2    1    3    3    3    2    0    3    3    2    3    3    3    3    2    0    2    3    3    1    3    2    3    1    3    3    3    3    3    0    3    2    2    3    3    3    2    3    2    3    3    2    3    1    1    2    2    3    2    3    0    3    2    2    3    2    3    3    3    3    3    2    1    3    2    2    3    1    2    2    2    2    2    2    2    3    1    3    3    3    3    3    3    2    2    0    3    3    1    2    1    3    3    3    3    3    2    2    2    0    3    2    3    3    2    0    2    0   33    0    0 
[118]   0    2    2    2    1    3    3    0    3    0    2    3    3    3    3    3    3    3    2    3    3    3    0    2    3    0    3    0    3    0    2    3    3    3    1    3    3    1    3    3    2    0    2    2    3    3    2    3    2    3    0    3    2    1    2    3    3    3    3    1    3    3    0    3    3    3    1    3    1    3    2    3    3    3    2    2    3    0    3    1    3    3    1    1    3    3    3    2    3    0    3    2    1    3    3    3    3    3    2    0    3    0    2    3    2    3    0    3    2    3    3    3    3    3    3    3    3    2    2    3    1    3    3    1    3   28    0    0 
[119]   0    3    3    3    3    1    1    2    2    3    2    0    2    3    3    3    3    3    2    3    3    2    3    2    2    3    2    3    2    3    2    0    3    0    2    0    2    3    3    3    2    2    0    3    0    2    3    3    2    3    2    3    1    0    3    2    2    2    2    3    2    2    1    2    2    3    3    3    3    2    1    2    3    0    3    2    3    2    3    0    3    3    3    1    2    2    0    3    3    2    3    0    3    3    3    3    2    0    2    3    3    3    3    3    0    3    3    3    0    3    3    3    3    3    3    3    3    3    3    2    3    1    2    2    0   24    0    0 
[120]   0    0    2    3    3    2    2    2    2    0    2    3    3    1    3    3    3    3    2    3    3    2    0    3    2    0    3    0    3    0    2    3    3    3    1    3    3    3    3    3    2    3    3    3    3    3    2    2    1    3    3    1    3    2    3    1    1    1    3    0    3    2    3    2    3    0    3    2    2    3    0    1    3    2    3    2    3    3    1    3    1    2    3    3    2    0    2    3    3    3    1    2    3    3    2    0    2    3    2    2    0    3    0    3    3    3    0    3    2    2    3    3    3    3    3    3    3    2    0    2    3    2    3    3    3   19    0    0 
[121]   0    3    3    1    3    2    2    2    1    3    3    3    1    3    2    3    3    3    2    3    3    0    2    3    0    2    2    3    3    3    3    2    0    2    3    3    3    3    3    3    3    0    3    0    3    0    3    2    2    0    2    3    3    3    1    3    2    3    1    2    3    3    0    3    3    2    3    1    1    3    2    3    1    3    3    1    2    3    3    3    1    3    0    2    2    3    2    3    3    3    3    1    2    0    2    3    2    0    3    0    2    2    3    3    0    3    3    2    3    0    3    3    3    3    3    2    0    2    2    0    3    2    3    3    3   15    0    0 
[122]   0    2    1    3    2    2    2    2    1    3    3    1    3    3    0    3    3    3    2    3    2    3    3    2    3    3    2    2    0    3    0    2    3    3    3    3    3    3    3    3    3    2    2    2    2    2    3    2    3    3    3    2    2    3    3    3    1    3    3    2    3    3    2    3    3    3    1    3    3    1    3    3    3    2    0    2    3    0    3    0    2    3    2    0    3    0    3    3    3    3    3    3    1    3    3    1    3    3    3    3    3    2    0    3    3    3    0    2    3    2    2    3    3    3    1    3    3    1    3    3    2    2    3    2    0   12    0    0 
[123]   0    3    2    3    0    2    3    3    3    1    1    3    3    2    2    2    3    3    2    3    2    2    0    3    2    0    3    0    2    2    3    3    3    3    3    3    3    3    3    3    3    3    0    3    0    3    3    3    0    3    0    3    3    0    3    0    3    0    3    0    1    2    2    2    2    2    3    2    2    3    2    2    2    2    3    2    3    2    2    2    2    3    2    2    2    2    3    3    3    3    3    3    3    2    0    2    0    3    0    3    0    2    3    3    0    3    2    0    3    3    0    3    3    1    3    2    3    3    1    2    2    2    2    3    3    8    0    0 
[124]   0    1    2    2    3    3    1    3    3    2    2    3    3    0    3    0    3    3    2    3    2    0    2    3    0    2    2    3    3    3    3    3    3    3    3    3    3    3    3    3    3    3    2    2    2    3    3    3    2    2    2    3    3    2    2    2    3    2    2    2    3    0    3    2    2    3    0    3    3    0    3    2    2    3    0    3    3    3    0    3    2    3    2    3    0    3    3    3    3    3    3    3    3    3    3    1    3    3    3    3    3    2    0    3    3    2    2    3    2    3    2    1    1    3    3    0    3    3    2    3    3    2    0    3    3    5    0    0 
[125]   0    1    0    2    2    1    3    2    3    2    2    3    2    2    2    2    2    3    2    3    0    2    2    2    3    3    3    3    3    3    3    3    3    3    3    3    3    3    3    3    3    3    3    0    3    3    3    3    3    0    3    3    3    3    0    3    3    3    0    3    3    2    3    1    1    3    2    3    3    2    3    1    1    3    2    3    3    3    2    3    1    2    1    3    2    3    3    3    3    3    3    3    3    3    3    3    2    0    3    0    2    2    3    3    0    2    3    0    2    3    2    2    2    3    2    2    2    3    2    3    2    3    3    2    1    3    0    0 
[126]   0    2    1    1    3    2    3    0    3    2    2    3    0    3    0    3    0    3    2    2    3    3    3    3    3    3    3    3    3    3    3    3    3    3    3    3    3    3    3    3    3    3    3    2    3    3    3    3    3    2    3    3    3    3    2    3    3    3    2    3    3    3    1    3    3    1    3    3    3    3    1    3    3    1    3    3    3    3    3    1    3    3    3    1    3    3    3    3    3    3    3    3    3    3    3    3    3    3    2    2    0    3    0    3    2    0    3    2    0    3    2    2    2    3    0    3    0    3    2    3    0    3    3    1    2    1    0    0 
[127]   0    0    0    0    0    0    0    0    0    0    0    0    0    0    0    0    0    0    0    0    0    0    0    0    0    0    0    0    0    0    0    0    0    0    0    0    0    0    0    0    0    0    0    0    0    0    0    0    0    0    0    0    0    0    0    0    0    0    0    0    0    0    0    0    0    0    0    0    0    0    0    0    0    0    0    0    0    0    0    0    0    0    0    0    0    0    0    0    0    0    0    0    0    0    0    0    0    0    0    0    0    0    0    0    0    0    0    0    0    0    0    0    0    0    0    0    0    0    0    0    0    0    0    0    0    0    0    0 
     [  0][  1][  2][  3][  4][  5][  6][  7][  8][  9][ 10][ 11][ 12][ 13][ 14][ 15][ 16][ 17][ 18][ 19][ 20][ 21][ 22][ 23][ 24][ 25][ 26][ 27][ 28][ 29][ 30][ 31][ 32][ 33][ 34][ 35][ 36][ 37][ 38][ 39][ 40][ 41][ 42][ 43][ 44][ 45][ 46][ 47][ 48][ 49][ 50][ 51][ 52][ 53][ 54][ 55][ 56][ 57][ 58][ 59][ 60][ 61][ 62][ 63][ 64][ 65][ 66][ 67][ 68][ 69][ 70][ 71][ 72][ 73][ 74][ 75][ 76][ 77][ 78][ 79][ 80][ 81][ 82][ 83][ 84][ 85][ 86][ 87][ 88][ 89][ 90][ 91][ 92][ 93][ 94][ 95][ 96][ 97][ 98][ 99][100][101][102][103][104][105][106][107][108][109][110][111][112][113][114][115][116][117][118][119][120][121][122][123][124][125][126][127]
